37 41
8 1 18 13 -2 -19 -18 0 20 4 9 13 2 15 -12 14 16 13 10 -7 -1 19 -20 -17 7 -10 -13 13 -15 16 -18 10 5 -19 3 -5 -19 18 5 19 16
1 -12 -3 4 -12 -18 9 17 -1 -7 6 -17 -6 19 14 -15 12 0 -2 -8 20 3 19 -15 4 -12 0 -9 0 8 -20 14 -3 -19 19 5 -16 10 13 -14 -3
-3 -4 14 -13 12 12 19 12 -2 -7 -5 3 -13 17 5 0 -19 3 1 -10 9 20 1 -3 -10 6 18 2 3 -6 19 -19 -12 11 -10 2 18 -10 -13 -9 -20
-11 10 -13 18 -3 -10 12 8 7 17 -6 6 13 20 -4 -16 16 -17 8 0 -19 -4 6 19 3 3 4 5 -17 1 -20 -5 -8 -7 -9 6 1 2 8 -4 0
11 19 16 -6 1 11 10 19 12 -20 -6 -12 0 -3 -5 6 -7 -19 -3 15 6 0 -20 -8 19 18 -1 -1 -19 10 3 15 20 10 0 -8 -12 -4 -19 -13 -5
7 -3 17 -9 0 11 8 3 -19 18 -5 16 0 -19 6 8 14 12 8 7 -17 -9 -14 8 9 -18 16 11 7 -4 15 -17 -6 -2 8 -11 20 0 11 3 -20
4 5 3 12 15 -8 -5 -19 9 12 0 0 13 -4 0 -11 10 9 3 0 8 18 -1 -2 -9 5 17 -3 11 -10 14 -3 -15 14 -20 -9 -9 -3 -16 -19 -2
3 -8 -11 14 -20 10 -4 13 7 9 -3 -8 17 -19 -5 9 -1 18 -4 -15 -3 17 2 -1 15 -12 17 13 11 3 4 4 -11 6 -15 -6 -10 -11 1 8 -15
-1 3 16 -15 15 -18 -17 8 15 -8 -20 -2 -2 -17 14 -10 0 -1 13 -18 1 13 -9 -8 7 3 -1 -3 13 1 -14 -17 -9 2 2 -14 -5 -16 3 17 -18
15 -5 7 19 -8 -5 -13 6 -1 -10 -14 7 1 -2 0 13 7 18 14 6 -3 -16 20 -5 -13 6 -10 20 17 10 -9 16 -1 9 -14 8 -10 -6 18 -10 8
-17 4 -19 16 18 10 0 -10 12 -3 -10 3 -17 -19 -20 18 14 14 3 13 15 -17 -18 11 19 4 1 -20 3 -8 2 4 11 -9 -6 4 13 12 20 16 -9
0 12 -10 16 20 13 -14 -11 -18 -15 -13 -1 -6 -2 -18 20 13 18 19 -11 5 -16 3 12 -18 1 10 19 -4 15 -19 12 3 -3 -1 -4 17 16 -12 4 -12
-10 -3 -5 17 -15 4 9 13 9 9 7 -10 19 19 15 -6 16 18 12 -7 -15 -3 -2 -5 -10 -11 -5 9 8 -20 14 -7 4 11 8 -7 -15 -9 12 -8 12
-13 15 9 20 18 -10 -13 -17 -17 5 14 0 19 -19 11 7 -1 0 -4 -11 2 -8 18 3 18 -20 20 -1 18 -11 2 -4 3 15 6 12 -3 -2 8 1 10
-13 -16 -7 1 -5 -12 5 -19 11 1 -15 6 -6 -18 -17 20 14 -20 19 -17 9 -17 16 -14 -3 -20 -9 10 0 15 -7 14 -5 2 -5 -12 -3 -17 -13 20 5
-16 17 -15 12 -7 2 16 17 9 2 7 -14 0 -13 18 16 -16 10 9 6 -13 3 14 -9 -9 6 14 -2 13 -9 -9 -11 17 -20 9 6 -7 -2 -18 20 -20
2 -5 -6 -15 3 4 -18 -8 -16 -13 -13 -10 0 -3 -17 -12 14 -2 -2 11 11 -3 5 -12 17 0 11 -6 -4 -15 -6 -14 13 18 9 -4 -4 -2 19 6 -1
-2 -12 -13 -7 10 8 6 9 2 1 -6 -5 -11 -10 -16 14 17 -20 7 20 4 -8 20 12 3 -4 13 -17 -10 2 -19 11 3 10 -8 -12 17 -4 -7 -10 13
-4 9 -6 11 -10 -15 7 5 -7 -2 -19 -6 7 15 -9 -15 -11 19 -9 1 11 10 14 -19 -6 9 16 -8 6 10 16 12 -11 16 -14 -8 -15 -4 15 5 4
7 -10 -11 2 -2 -12 1 -4 -10 4 -8 -12 -17 13 -17 -3 -9 19 -15 6 16 -15 -17 -4 -2 19 -1 -13 -14 -12 -16 11 0 10 12 -9 10 -6 6 -4 12
10 14 -20 -13 -15 15 -17 20 13 20 -5 6 -9 12 13 -10 1 20 -11 3 -5 6 -17 17 -5 1 8 13 -6 8 17 -19 12 16 2 -16 8 -12 -20 1 -18
-20 -17 -2 -11 6 10 13 -6 10 -5 14 18 -16 18 7 5 -8 10 17 -10 -11 0 7 6 -14 5 -19 15 8 11 18 3 19 -14 -6 0 -17 15 -2 -7 13
7 -5 6 7 3 0 18 8 -2 -20 -3 5 -4 -18 17 -8 -19 -14 10 16 0 4 -6 -2 14 19 9 -9 -16 -11 -4 12 2 -3 -17 15 -17 -10 9 16 0
13 7 -14 16 8 -15 14 13 -12 19 16 19 10 9 6 7 5 -4 -1 -3 -14 -9 20 -1 12 -2 -5 19 11 -18 -16 2 -4 -17 13 -4 17 4 9 -9 17
11 13 -4 -6 -4 14 18 -11 16 10 -11 11 19 -3 -18 11 -20 -8 -7 -5 20 -8 -11 -19 7 -9 5 -14 -18 -3 17 -14 -7 16 10 14 -3 -2 8 14 -6
-3 -11 1 17 13 -11 -3 8 -16 14 12 -9 0 18 -17 -10 -13 -5 17 17 -10 5 20 -12 11 -20 -14 -4 -5 5 -9 10 2 10 4 5 -19 -16 7 -10 12
-12 11 -16 12 -1 3 20 7 12 19 1 14 -1 -20 -17 11 -5 11 -3 6 16 9 10 13 -7 -6 -9 15 -3 12 -9 -12 2 -14 2 3 -7 -2 -20 16 4
20 9 20 17 16 3 16 -7 -6 -4 -18 -10 12 -15 -12 9 0 1 -3 -14 20 -8 20 -20 4 -4 -6 19 0 -1 15 -1 -10 -15 -19 -20 9 8 8 12 10
-14 -5 12 9 7 12 -7 18 -16 -6 -13 11 -10 -7 -7 18 -20 -4 -16 16 5 10 6 2 1 -17 9 13 4 -17 15 6 2 8 -16 5 -17 -5 17 -19 -7
-4 -18 -1 -4 -1 -1 2 6 -18 1 -2 -3 -15 2 -3 8 -2 6 -16 -6 -20 16 5 10 8 -2 19 -4 -19 -16 -13 9 18 19 -19 -10 8 8 17 17 10
-2 -4 20 -8 -5 -18 4 -1 -1 -14 2 9 8 9 -17 15 -13 9 -20 1 3 15 14 -15 2 10 -19 12 -4 12 -16 -5 -4 10 19 -9 15 -6 5 -5 0
-2 18 12 14 -9 -19 2 11 1 12 14 8 -9 -13 -9 7 10 7 18 6 -11 -6 -18 9 -19 6 19 -11 0 6 -4 20 -13 4 -12 13 -20 -6 -12 -10 17
12 -3 -6 -8 -4 17 18 -4 15 -11 18 -20 -10 -7 9 -3 -3 13 14 -18 -8 13 -2 6 -6 11 12 -9 11 20 -13 14 20 -19 -14 20 -2 -12 9 -7 -17
-4 15 10 -7 -18 -9 13 -3 -2 1 10 2 11 -20 -17 -15 13 1 -7 -4 -19 10 -18 0 3 -18 -1 13 20 14 -3 -5 12 9 1 -9 -18 13 -2 -2 1
-4 -2 0 -7 13 2 -1 6 19 8 19 -13 -7 -8 4 -17 -15 -12 -13 1 19 -20 -17 -3 18 18 12 7 -16 11 16 -17 -4 17 3 -2 -8 -5 -14 -7 13
2 -8 -14 -9 -13 -13 15 20 -15 -18 -20 -7 -5 3 13 15 10 4 6 4 -20 11 19 -12 19 -19 -10 -18 15 0 12 9 -14 0 -12 8 1 7 -11 -17 -18
3 17 10 20 15 3 15 -19 16 19 -20 -8 -1 -5 -9 17 -4 -17 12 -18 -5 19 15 6 -11 4 -16 10 8 2 5 8 1 -19 15 11 3 -15 10 -3 7