37 41
17 16 20 -16 17 4 0 -18 19 19 -9 9 12 -7 -16 4 20 -8 8 14 4 -20 12 20 0 0 9 -1 -6 14 -3 19 14 -13 -19 -5 -8 -5 -1 -6 -4
20 -3 -14 8 -8 -12 -4 -11 -12 -12 -2 9 -11 -10 13 -10 9 7 16 7 -16 -18 -11 -1 8 -2 -19 5 7 20 4 0 -3 -15 -7 19 1 -9 19 10 15
19 4 15 0 -9 6 0 10 12 -19 -18 3 -20 9 -13 13 6 0 17 1 -5 -9 -15 -13 -15 6 16 -12 -6 -16 4 -6 -13 -6 -8 -12 7 -1 4 8 4
0 -4 -9 9 16 5 16 9 0 -19 12 3 7 15 8 13 8 -1 2 -8 20 -1 -10 -14 1 -14 -19 9 -19 -16 16 7 19 8 11 -6 12 -18 11 7 11
3 8 -5 -18 3 -4 -12 11 -10 -2 10 -15 3 -20 -7 -7 13 11 -9 -6 17 -13 12 5 -20 6 -4 0 11 5 0 5 -20 -11 -19 -12 -6 11 -12 3 -3
6 7 3 5 5 -2 0 14 15 7 2 15 -10 5 12 -8 20 1 14 -15 0 -19 10 3 -14 -9 -17 5 3 -3 15 -16 6 -20 -13 4 12 -11 -1 8 18
-8 3 14 15 -4 -11 -19 -14 -5 15 -14 -10 0 16 -20 4 8 7 -6 -18 4 -5 20 9 -19 11 -2 6 -5 13 -5 -10 -19 -2 16 2 -18 11 5 9 0
-5 -1 -5 20 2 -12 19 19 -10 -17 3 5 -13 17 19 -15 -18 -9 -1 -3 11 10 -13 9 18 4 -9 -1 -17 3 -12 15 16 11 -7 16 1 20 9 -8 -6
7 -19 0 -4 17 7 -1 10 -3 2 5 9 -7 -7 4 -16 -15 15 20 9 -3 3 -8 10 -1 19 -13 -1 10 7 -18 -5 1 1 -16 13 19 7 -1 7 -19
-14 18 -15 -11 4 -14 -2 14 -11 -7 6 1 8 -9 6 9 11 15 14 -6 -5 -4 -4 5 18 1 5 -12 -16 -5 -17 -20 -3 18 16 20 9 14 17 -6 8
15 -17 6 -3 2 -1 -13 -13 8 2 -12 -18 3 10 8 -3 -19 9 -1 -18 -11 -2 -20 -18 20 10 -16 -14 -14 -11 16 -19 0 18 0 6 2 19 18 13 -12
-4 16 -15 14 -12 -18 16 -8 14 16 2 -8 -6 7 3 19 12 -20 4 13 -11 0 -1 -7 3 -3 5 10 11 5 8 -15 -4 -13 -13 18 -6 16 8 -14 17
11 14 6 -5 8 3 17 -17 -15 -17 -4 -13 -15 13 -3 20 14 14 8 -20 -2 -6 9 -10 11 2 10 -14 19 17 10 -18 -7 11 12 6 -7 -6 -18 -19 2
16 16 20 16 -3 4 11 7 10 3 -6 9 15 2 14 -19 -12 14 20 -6 19 -3 -12 -11 -7 -2 -6 4 13 9 6 -7 8 17 20 -4 5 -18 -7 13 -3
-2 -11 1 11 17 3 5 -17 -7 -6 2 10 -19 14 1 12 14 -4 6 12 -1 5 -7 -1 -11 -8 1 12 -14 8 -18 2 2 -4 -8 -7 16 -3 17 20 -6
19 4 20 7 -10 -19 -15 14 -20 -14 -8 -17 -20 18 -17 5 -14 15 -17 8 14 -20 -10 17 -18 12 -2 15 10 -15 4 10 -14 -12 -13 -17 6 0 5 3 14
3 7 -16 5 -2 8 20 4 -14 17 12 -14 15 -5 -2 15 -11 -20 -20 -3 -6 -2 -4 13 16 16 20 3 -17 -6 7 10 14 12 -16 -17 -18 13 8 -6 -17
14 -15 12 3 6 19 -19 -20 10 3 8 -16 -6 -8 -13 12 5 4 16 -11 -20 20 5 -11 2 -9 4 -9 -10 -5 11 -2 -3 -13 -2 -13 19 -5 -16 17 11
-10 3 3 -12 18 11 -5 18 -16 4 19 -10 5 -12 -3 15 10 6 -6 12 -7 5 -4 12 -10 -9 -9 -16 5 -20 -11 -19 -4 4 -5 16 -14 0 -1 14 18
5 8 9 -11 -19 -12 5 2 -4 20 15 7 2 7 -16 8 -7 10 19 13 -5 7 -8 19 2 -18 6 6 4 0 -14 3 -6 -6 -13 -19 -5 4 -12 0 20
-9 9 -1 -5 19 0 -16 0 12 17 -20 3 -5 13 -20 19 -9 17 -11 -18 -3 -1 -15 -10 3 -4 1 14 13 16 11 13 2 -16 11 -4 -15 4 -3 -14 7
-1 10 13 -17 12 -12 -14 -8 16 18 -20 2 -11 -9 3 6 4 -2 19 14 -11 -19 -5 16 -12 2 12 2 20 18 15 -1 -15 -5 20 20 3 12 -17 -12 -14
16 17 -20 13 -7 -16 -14 -11 19 8 17 -10 -20 -13 6 -5 12 5 17 20 9 9 -9 3 14 10 10 -3 2 10 1 -18 7 -20 10 11 -3 12 -6 -4 19
-16 -3 6 -8 4 2 18 -2 -4 1 1 -12 20 14 -3 10 -14 15 -8 12 18 8 -14 1 13 -8 -20 19 -13 4 2 19 -5 4 5 -11 14 -11 10 0 -4
20 4 20 -11 -6 -6 -4 16 -8 -13 11 -6 3 -1 10 13 -19 1 -17 -2 11 -4 -15 0 4 14 3 -19 1 8 -11 -2 11 9 18 11 5 -1 -13 3 -19
20 -11 -20 -8 2 15 -2 -4 -6 13 0 3 -6 14 -14 -14 19 -20 11 20 3 18 11 -9 -7 -12 4 -10 -19 9 15 -5 10 -11 0 -17 16 -18 -8 12 18
-12 10 2 -15 -16 -3 13 13 -13 7 15 -17 -13 -13 14 19 -15 -9 11 -15 -8 -16 6 -12 0 -17 -10 4 16 -5 16 -14 -6 -10 8 -6 -2 -2 -10 1 -9
-3 15 7 -1 6 -6 4 15 16 2 -19 3 19 2 -17 -19 -11 9 0 -15 14 13 12 -15 20 14 -11 -5 10 -5 -16 -6 -8 -3 -7 16 -7 0 -19 12 -17
-10 -14 -5 15 11 -6 -20 -14 -4 -17 -20 -16 -18 -4 1 4 -5 -18 7 11 -15 19 -3 3 -16 -4 -7 -14 -16 18 13 0 20 7 -16 6 17 6 -14 1 14
-10 6 9 18 -2 -12 -7 13 -4 -9 15 -7 13 -17 -20 -16 7 20 -8 11 9 -2 7 -10 -15 0 -2 10 -7 -20 -8 16 20 -19 -6 2 -10 -17 1 -19 -4
-9 -15 -5 0 -19 10 -7 -10 15 -1 3 -16 6 17 -13 -11 -4 -6 -19 -20 4 17 -13 -13 17 -9 -20 -9 15 -20 0 -8 2 -7 -4 2 9 -10 -4 -9 -9
15 18 2 1 5 -11 -15 7 -6 14 -7 -3 14 -11 -9 -20 -6 -17 -1 0 -7 15 -8 9 4 14 7 15 -13 -9 11 16 20 -13 -14 3 12 -19 7 3 -15
-1 -2 -8 2 1 -20 17 4 17 -9 -6 -15 -16 6 7 -18 -11 6 9 4 14 5 -20 -8 0 -2 -14 6 -7 12 13 5 -16 -3 15 7 -18 -13 -2 12 -11
-17 16 -14 4 17 -10 -9 7 -13 -16 19 8 14 -1 10 -20 -6 18 18 7 14 0 -19 16 19 -16 -18 -12 13 5 17 17 -10 5 -1 0 10 -4 0 12 -12
5 -11 18 16 0 8 -20 -8 -4 -9 0 2 -2 -8 -16 5 -1 12 -12 20 -11 -2 2 6 -3 3 18 12 -11 -13 9 -9 -8 -13 -18 18 -18 -8 -16 11 17
-10 -17 -9 -7 -13 -7 17 -8 -6 10 -18 9 -8 -3 -4 -7 0 -3 11 -6 -11 -9 9 6 11 -3 -6 -9 -6 1 -14 7 2 -16 -12 14 7 -11 -17 17 -7
6 14 19 -15 -11 19 -14 0 5 0 -4 -9 -12 7 -4 -7 -10 9 11 9 17 18 12 3 -17 -16 -20 6 14 -12 -10 -7 -14 8 -3 -3 -18 -14 0 -4 6