37 41
3 -18 13 -7 0 -5 -10 20 18 -7 19 -19 3 16 -11 -6 3 -18 -10 13 -3 16 10 -14 13 1 -6 -20 15 2 7 -3 17 11 10 0 20 14 0 -17 -14
2 10 18 -20 -18 10 -12 -11 8 -5 -15 17 12 -10 0 -4 12 9 -5 20 2 0 -9 12 17 -14 -6 -16 -9 -16 -7 10 -11 -16 18 15 14 -12 -11 -13 6
-9 5 7 -7 17 18 3 -11 6 18 17 14 -10 -17 6 3 -4 16 6 -17 14 3 5 -12 7 -16 -2 11 12 -8 0 -5 8 8 14 1 -7 4 -19 -17 -17
-17 7 15 -1 4 -16 -6 -20 20 -12 -14 15 -17 -16 -4 20 5 -14 -9 -17 4 -2 16 -9 8 20 -11 19 -15 -17 2 -13 -6 5 -19 1 2 -18 6 -1 -12
19 -13 -1 20 8 13 14 5 16 8 -19 2 -14 10 -4 3 11 -18 14 -2 14 17 -19 -8 -7 19 -10 0 -12 5 -19 -8 -20 -6 -16 -6 -2 -17 -10 9 14
-1 -18 -13 1 -18 -18 -14 -6 -11 -5 4 -8 7 -4 -14 5 -2 -9 10 -16 -11 -19 -18 -15 -3 -12 -3 -12 16 7 -3 18 -15 -16 3 17 9 -14 5 -8 16
1 -8 15 19 -4 17 11 -18 1 -18 7 0 10 4 17 -2 -4 -14 -13 -19 -8 -11 4 1 15 -4 -10 -7 -6 12 -7 -6 -6 10 17 6 6 10 3 -5 1
-17 8 -16 6 -1 -3 0 3 -5 17 2 15 -17 -15 -6 -18 -10 -10 -7 9 -8 7 -6 19 14 -14 1 11 16 -1 20 -4 -12 -11 16 8 16 -18 13 10 1
-15 17 -1 -13 -14 9 -20 -12 1 -3 11 17 -9 6 -19 -18 12 4 7 15 20 18 -13 -12 -10 -11 -9 -6 12 14 13 1 7 -2 -5 18 -14 -15 6 18 -1
6 13 15 -18 11 -8 18 3 -18 16 -1 17 -12 11 -20 11 2 19 12 -11 16 -15 -16 12 19 -14 13 -1 10 -12 -16 -5 15 -1 10 -17 -6 -6 -1 -2 -15
10 -14 1 -13 -6 6 5 9 12 4 -18 -20 -20 -11 16 -17 -2 13 -14 -1 -11 16 -4 12 -17 1 17 -15 15 7 0 9 -9 0 -20 3 11 -9 3 -2 11
7 -19 7 6 -11 -15 -14 -7 16 10 0 -14 -2 -1 5 11 19 -11 9 -2 19 -11 14 19 18 -10 13 -12 -11 -3 8 -13 -14 -20 -2 18 17 9 12 -6 -13
19 5 -9 -18 16 1 -2 5 16 -12 -10 -19 -19 14 12 17 15 -3 -19 2 15 -6 1 16 -11 -9 15 -11 10 -15 -9 7 -15 -11 -12 17 5 2 -8 -12 -1
8 -2 7 9 16 0 -14 13 -14 -20 20 9 -1 -5 -8 -8 11 -13 11 -12 -18 -19 19 -9 -14 16 -5 3 0 10 12 -20 13 -19 3 -14 18 3 -9 4 -6
-15 4 -17 11 3 12 -17 -18 17 -6 13 -20 -6 -14 -18 -12 12 17 13 1 -20 20 -12 -1 18 9 -10 -9 -2 -17 0 4 15 -14 -20 5 8 7 -8 3 -16
15 -9 -12 9 4 19 -10 -4 -16 14 -14 -16 13 -18 18 13 -16 -9 -2 -16 -3 -15 -6 -20 13 3 -18 -16 1 -15 -17 -16 6 -10 0 19 -8 20 4 -13 -13
13 4 5 14 5 10 -19 13 18 -5 13 -13 20 6 -3 9 -15 6 -4 -4 -20 -10 20 -19 -14 1 9 -7 -9 -2 -11 1 7 -14 -10 -20 5 -3 13 18 10
17 11 10 19 4 -14 -11 2 0 -5 12 -20 16 -5 2 15 10 9 -3 20 -19 18 0 13 18 -8 13 -18 -8 7 -18 -1 -13 9 18 2 19 -1 -4 -1 19
-7 -3 14 -6 -20 9 0 -13 16 -10 5 -15 5 15 0 -18 1 -1 -17 11 8 6 5 6 -3 12 -7 -7 -12 15 20 3 -15 -14 -18 13 -3 -8 19 -3 -18
-17 20 -20 6 11 -9 0 2 7 -14 4 1 -4 8 -10 -16 -18 5 6 -18 17 19 -4 -12 10 -1 4 -20 -8 8 -14 -16 -1 -15 -8 7 -10 -2 -19 3 -5
-2 -1 9 -13 12 -18 12 -16 0 6 -12 11 -17 7 -18 12 -1 10 -9 7 12 -7 -3 -16 16 10 5 -3 -16 -4 -16 14 -5 -11 -14 -18 -4 -10 14 -16 8
-17 4 5 -17 -16 11 7 -5 -16 -5 -11 -10 3 -10 -10 10 -4 12 8 17 -5 7 -16 -17 -18 17 -14 6 18 -5 11 -3 17 -4 -4 -16 -10 -18 -19 19 1
10 14 -2 -12 -14 7 -18 -20 9 8 16 -20 -9 8 -9 -4 -1 4 4 4 -6 -14 15 -13 13 -6 -5 -16 18 19 5 -9 -11 -19 14 -12 14 -2 -16 -19 3
-9 -7 -19 -1 -4 -12 12 -14 -10 -5 -20 -19 17 10 -12 -17 14 -17 12 5 8 -6 8 -16 6 -7 7 14 4 8 0 18 10 13 13 -15 7 -17 12 -2 13
14 -12 16 8 -14 7 12 -9 -12 -4 7 13 10 17 5 -1 -15 -17 -12 13 15 -3 -16 9 17 0 -9 -14 -8 -8 7 -18 6 -15 15 -1 0 -7 -13 -4 -16
1 -1 -17 11 -16 6 -3 13 17 -4 -14 10 7 13 -12 -11 20 14 20 -7 -16 7 12 -5 8 10 -15 15 12 -12 7 -2 -19 18 -15 -3 7 -20 9 -14 13
3 -2 -5 -12 10 6 -14 1 19 -4 -10 -8 9 -14 -10 -15 -10 2 17 -17 2 5 -15 15 20 -15 -16 4 3 7 -6 9 -1 -16 8 20 -4 16 -2 -14 16
-4 -19 -17 -1 -15 -11 -6 14 -16 -3 11 10 14 -8 20 -18 16 -4 -10 -2 -10 1 -3 1 -1 -2 -3 1 19 -15 -13 19 15 14 1 -1 1 -5 -5 -12 -5
-14 -7 15 -20 6 -20 -11 15 12 19 13 9 -2 -6 16 19 -6 -13 -7 -7 -4 -8 4 19 -9 1 -14 -8 -8 -17 1 -20 9 18 7 -16 14 -9 -12 -19 5
-17 -10 -15 5 18 -1 10 9 17 -6 -6 -20 -7 2 8 -8 9 -20 -1 14 -16 4 20 17 -7 -16 19 3 -1 -10 -10 -11 -5 8 5 19 -7 17 14 11 -12
8 1 -13 -8 -7 -18 16 -16 6 18 -6 -20 6 -7 -10 6 14 -2 19 13 -6 7 -14 -5 -19 16 10 -4 2 -2 -20 -14 -17 -1 9 -16 18 4 6 -7 -17
-7 8 -19 0 -6 -12 3 6 6 14 5 16 -15 -5 3 5 -19 -5 -10 1 15 0 3 -17 3 11 15 -20 3 16 -16 4 -17 -18 16 -13 3 12 -6 -8 13
-6 -11 -17 2 9 20 3 6 -19 -1 15 8 10 13 -9 -6 -19 -9 1 14 -15 16 -7 -12 20 12 -16 18 -19 -12 14 18 -15 7 -18 17 6 13 9 17 3
8 1 -18 1 -1 -14 9 7 11 -15 -8 9 -15 -17 11 19 0 -16 -14 15 -16 -11 18 -13 -5 -15 -10 6 -14 -1 -2 -9 19 17 13 2 16 3 -19 11 -9
15 -5 1 1 -5 7 -20 8 -16 -8 2 7 -2 10 18 14 5 4 -3 -5 13 -10 -15 -1 -18 -1 -14 -15 9 19 -10 -7 -2 -14 -3 -2 18 13 8 -20 -10
-5 10 11 10 -3 -2 -13 -9 -17 -17 19 -2 -6 -12 12 6 -2 -9 10 9 -4 -12 -14 -13 1 0 -20 -5 -9 18 -2 18 7 -14 17 16 -5 -7 -5 -8 20
1 14 9 8 0 -7 -3 -15 13 20 -3 -8 16 2 -3 -14 18 -3 20 -4 -2 10 17 -19 9 -7 20 4 17 19 4 -5 12 -14 2 -8 -2 -13 -2 -7 10