37 41
-2 11 -17 -4 20 -12 -16 -12 0 17 -17 10 -7 9 11 -8 -6 -2 -3 3 18 -20 -14 1 12 5 -14 15 11 5 -1 -3 -20 -6 4 -10 5 17 -16 -17 -13
-4 2 20 -5 6 -10 -17 20 9 11 5 17 -16 8 18 -16 7 3 -13 17 14 -19 20 -20 -2 2 -20 -8 14 -8 11 6 10 -17 -18 -20 0 -10 7 9 8
2 -18 -19 -9 6 4 -4 -5 -4 -3 -13 -2 5 -5 -1 -7 11 13 -4 14 -11 -1 -7 -3 1 -19 -3 -4 10 6 -9 20 4 -17 5 -17 15 -5 -18 15 0
10 -8 17 -13 -5 -20 -18 9 -9 15 -6 -2 15 -1 0 -11 -8 -4 -2 11 -4 7 -14 6 7 -8 -13 0 4 9 -15 -15 -6 -19 -7 -20 -1 3 -17 -10 15
-7 -20 -10 12 20 10 20 1 -6 -2 4 -9 15 16 3 -18 0 -5 9 -15 2 -20 10 -10 9 -19 6 -11 15 -8 3 -5 -14 17 4 11 -12 -9 -17 19 -2
-19 -9 -8 -2 5 8 -4 -10 -9 -10 -1 -5 -17 -14 -20 -5 -19 -12 -1 16 -11 -17 11 -10 -6 4 -9 -11 16 17 19 -19 -20 7 -16 10 -12 -16 20 -5 16
-19 -9 -3 -17 -10 -9 14 -17 15 16 6 20 18 12 -3 -11 11 -10 12 -7 14 3 0 -6 -13 16 8 5 19 -11 -8 -7 -5 -4 19 0 -9 5 11 17 -17
19 4 12 0 10 -8 5 -18 5 -16 17 4 9 -12 -2 -4 -8 -9 -20 -13 -19 13 -6 0 -5 4 9 10 0 -16 -4 -12 -6 -1 16 7 2 -17 -8 -9 -12
-2 -1 -18 -7 7 5 7 -15 -13 -14 3 16 -13 7 -20 10 -18 -10 -4 8 9 20 3 -7 2 1 -8 -14 12 9 -1 18 -18 16 -10 -4 2 17 -8 -17 -5
-19 7 11 -12 -19 -13 18 -17 -13 15 -2 -18 3 18 -5 -11 2 20 -13 13 16 3 10 -3 6 -1 1 -14 -11 17 18 -15 20 -14 5 15 -11 6 -5 4 -18
10 -1 -19 0 -20 12 19 3 -13 -8 20 -8 7 4 13 9 -3 -5 -3 -13 -4 13 -16 -18 1 -8 18 0 -4 5 9 20 -16 16 -18 -16 -8 16 11 9 -18
5 -18 -9 -12 3 -15 -4 6 -13 -20 -17 13 3 -14 -19 -16 3 6 -13 -20 15 -5 15 -10 -6 13 8 11 16 -14 -5 -15 3 -6 -15 9 19 -19 -14 -2 -5
17 -19 8 -3 15 -3 14 6 12 0 -4 1 19 12 -3 -10 -14 -10 2 -8 -1 -12 -3 8 20 17 15 -11 7 -2 -19 -14 20 -7 15 -19 -7 -14 15 -9 10
-14 4 11 2 -6 19 -8 17 -4 -9 -3 7 -19 6 6 -11 7 7 10 13 -14 3 3 0 10 9 -2 17 1 20 10 -19 13 -10 -10 -3 -19 4 19 5 -4
-10 11 -3 9 16 16 -10 19 -9 1 8 -7 -16 -17 0 -12 -8 0 12 -13 16 -16 18 9 12 0 4 -2 -13 6 -4 1 -5 -16 -20 10 -10 -18 11 20 18
12 -2 14 -4 20 -10 -4 -19 16 8 16 -9 -4 5 -18 17 -15 7 18 -7 9 0 20 19 -12 -20 15 -2 -15 -17 20 -4 -2 -8 16 5 9 10 -12 -3 -12
1 -15 3 -6 -9 -7 -14 10 -3 -14 -2 -17 11 -17 3 -2 -18 -13 2 11 8 2 -18 4 16 5 12 1 -15 19 17 -8 -16 4 -17 11 1 9 -10 -12 19
-7 -5 -12 14 19 16 18 9 6 -9 2 -15 18 10 -2 -14 18 19 -6 -7 9 -8 -5 6 -16 -18 17 -3 -18 -5 -7 -3 -15 -16 19 4 4 -10 20 14 -19
-5 -10 -17 -9 -19 19 14 -3 1 3 1 2 -1 15 -13 -17 -10 4 18 -9 -13 -18 9 -9 16 4 7 -16 16 0 9 12 14 5 15 11 -8 20 2 -17 12
-6 13 -1 19 0 5 -12 3 -6 -4 -16 10 12 0 -16 15 12 -14 -17 -18 16 0 20 2 -14 -17 -13 12 -1 13 12 -7 -20 4 -6 -18 16 -8 -11 4 -4
-4 0 -15 -16 -2 4 -5 -16 8 1 1 -16 18 11 5 18 13 16 -13 0 -8 -1 -19 -1 4 -12 6 -5 2 12 18 12 -1 -18 -20 -4 -16 7 -2 -9 -17
1 9 16 8 12 -7 19 17 1 -11 4 -11 -12 6 18 -4 9 -18 15 16 12 -2 7 -4 17 -15 -8 13 -14 0 -7 -17 -9 12 -1 -8 -16 1 0 -14 17
-2 20 -4 15 -4 0 -10 -2 -7 -7 3 10 3 8 0 0 -8 12 1 -20 -12 -7 -20 3 -1 -8 10 -2 -5 -20 -3 -14 17 16 14 17 -18 -5 -20 -16 7
-19 -3 -15 -16 -20 -13 5 2 16 8 13 -16 6 3 -10 -20 -20 4 4 -11 -12 1 0 -4 -20 -1 12 1 13 -5 -17 8 1 1 -2 16 -7 -7 5 -18 11
2 9 20 8 -14 -4 12 13 11 -4 -1 3 -6 1 -10 -2 -1 9 11 -14 -4 -5 6 3 3 16 2 20 15 -18 8 10 13 20 -19 9 15 2 19 -10 -9
-3 -10 4 3 -20 -14 13 -12 1 3 -20 -11 -13 10 -15 -20 -11 1 19 -14 -5 -7 -15 13 -13 -2 14 9 7 -16 -17 5 -7 -3 -13 6 13 10 18 -5 13
-19 -8 13 -2 20 8 13 -18 12 -1 -18 0 -13 20 9 5 -15 -14 5 20 11 -20 -12 15 -9 -7 1 14 -18 -9 19 3 -1 11 -1 17 -2 -8 -2 2 1
-4 -15 11 -7 -5 -18 -3 15 -20 -12 7 -1 6 14 13 -1 -18 -2 14 3 16 19 -13 -18 -8 10 6 -17 -8 -20 13 11 16 20 19 20 14 4 17 20 -5
10 -13 -12 15 -1 -4 20 -9 -3 -12 9 -8 5 -17 13 -15 -16 15 -13 2 -15 -20 11 -4 -18 3 9 -14 -20 5 -12 -18 -8 11 -6 2 -8 5 1 -7 1
-20 17 -17 -20 7 -8 -5 11 -6 -20 -10 7 -11 -17 3 -15 3 5 -5 -15 1 -9 -15 -20 6 16 14 -12 -1 -11 -5 -2 -11 -11 -16 16 -15 -3 -17 -13 10
-12 -18 -20 -7 2 -2 -20 14 1 3 -19 -7 11 5 3 -2 12 -16 18 -17 -20 13 10 4 13 -2 -13 6 -13 -13 0 20 -14 -5 19 -9 0 -12 4 -10 10
16 7 14 -11 -1 -3 -10 -1 16 -6 -9 0 9 9 -11 20 -8 7 -2 -17 4 20 -19 -2 -15 5 2 16 10 7 -9 -13 -7 -16 9 15 4 13 3 -2 16
-17 -15 -6 -12 -11 12 14 4 -3 14 12 16 3 15 16 -7 20 -3 4 -6 -10 5 11 6 11 19 -16 -1 14 20 -12 18 0 1 -1 20 11 4 -5 17 15
13 3 -19 -17 16 -16 -11 15 7 14 7 15 12 8 10 7 18 -18 -8 13 -12 -11 -3 4 1 12 18 -9 -15 19 20 -16 -1 -5 -16 10 -14 3 -11 9 -12
6 -13 7 -6 -9 3 4 11 10 -7 13 -18 16 2 -6 20 8 -7 -9 4 20 -10 9 4 -5 11 -18 -15 -15 8 -1 0 9 20 5 -10 9 -2 18 0 6
6 9 14 13 8 -10 4 -4 -1 10 -13 10 6 -7 1 20 16 19 7 18 -13 -3 -16 18 -2 4 -14 -8 -20 -4 -3 -7 -20 -15 17 -1 -17 18 0 1 8
3 5 20 -9 4 13 20 -7 5 6 16 -20 -5 -16 1 18 -9 5 3 12 20 7 5 6 -5 19 -19 4 9 4 -16 0 8 6 -10 -1 -18 7 -18 4 6