37 41
7 3 0 -20 14 -17 -16 19 1 -15 -20 -18 8 -11 13 -12 10 1 20 -16 -16 -4 10 11 10 -11 18 18 -8 16 -9 16 -11 1 -1 20 -9 18 10 -6 8
-7 -17 4 -8 -9 9 20 1 13 -5 8 16 7 -8 17 -18 -3 20 20 -20 -5 -2 -10 13 -7 15 11 -3 19 -15 5 14 13 9 -18 -13 18 8 12 13 -16
11 -16 -18 13 16 -4 17 -10 -3 -6 2 -3 10 -12 8 8 -20 2 7 -4 -17 -4 -10 1 7 11 -16 -3 -9 2 0 -2 13 8 13 16 9 18 -3 -7 -19
-16 17 9 5 -19 -10 -4 -17 7 20 18 -10 5 0 5 -18 15 -15 8 -7 -2 0 -4 -12 -1 -13 20 -18 12 6 13 15 12 16 -7 -7 5 5 2 7 -9
0 5 9 -18 -13 -10 -13 17 -7 -4 -19 -2 9 -5 11 0 -13 -6 -17 -5 -1 -12 0 -16 -3 -16 -7 -19 10 9 -13 -1 14 2 -8 -20 20 0 3 15 6
-5 5 -7 -3 -1 -7 7 1 20 0 -11 -9 3 -3 9 -10 2 13 -19 17 -20 -8 11 -6 13 -12 -14 -4 13 -16 -14 -7 19 2 15 -9 -5 -13 -20 -16 10
1 7 0 3 10 1 -18 -5 -16 -10 16 -10 -10 19 18 16 17 0 -3 -10 -8 6 2 5 0 15 5 19 2 -13 -13 -7 15 -7 -4 4 -4 9 -11 -12 19
3 -17 3 17 5 -11 13 10 17 -2 -5 16 18 9 14 -12 18 2 -19 15 1 -14 -7 -14 -1 -12 -11 4 -20 5 -10 -15 13 20 14 -17 -14 15 4 -10 5
14 -12 -11 -7 -5 -14 -15 6 -8 -10 12 -4 2 -3 -10 14 -3 -4 11 4 4 5 7 8 -17 -16 -1 6 18 4 1 9 15 -10 -10 18 6 10 -7 1 -13
-18 11 13 5 -1 -7 16 -15 -7 4 -19 -3 14 12 -5 -12 -17 14 2 16 16 -16 15 16 16 -14 -12 12 -15 1 -20 -18 19 0 -12 1 -15 -12 -20 13 14
-1 -4 -18 -6 -13 -13 17 7 8 14 -17 -2 8 14 -10 16 7 -7 -3 -8 -14 9 2 15 -2 -1 6 -6 -12 10 17 17 -10 15 11 -7 15 11 11 -19 16
5 17 -12 -14 17 -14 13 -16 9 -18 5 9 0 1 14 -20 -5 19 -8 20 -2 9 10 10 11 -4 6 -8 -5 -10 -20 20 -20 -15 3 -8 -2 -10 -10 14 20
0 15 11 14 20 11 12 -5 -9 -13 -14 -2 17 4 1 12 -12 -7 11 13 3 19 0 -20 -18 -3 -17 -13 20 3 -2 11 -2 -11 19 -16 -11 -6 3 -18 19
2 -19 2 -12 16 -1 19 -6 -17 -9 16 -10 -17 -20 -4 14 7 10 -2 -11 19 -8 12 -1 10 -18 -1 14 -15 11 17 8 18 -11 5 -19 -19 7 -14 -6 2
9 -7 16 -13 -11 18 10 -8 0 -13 16 13 15 5 -13 -3 8 9 -7 0 -5 -9 -19 -15 -2 17 -11 9 -16 14 -3 -15 -5 -2 8 -3 0 -16 -17 -20 -20
-10 -16 14 5 0 -3 2 -1 -15 -13 -18 14 11 11 -13 -7 -2 11 5 15 20 -10 -10 14 16 -6 -3 10 15 -17 -9 6 -2 11 -20 -11 -4 -12 8 14 0
13 -1 -8 -2 -19 10 7 2 4 -8 7 5 -11 -19 0 1 16 15 2 -9 19 -19 9 9 6 17 -7 -15 -12 1 14 20 19 20 1 0 -7 19 -6 18 -14
19 -12 16 16 8 -15 1 12 -7 2 14 -6 -13 8 -5 16 2 11 2 -12 -7 -20 0 12 4 -3 -7 7 -8 6 4 18 -1 -12 10 19 -1 1 -16 -8 2
6 -6 -12 -13 2 -20 6 -4 -11 16 6 -3 13 -14 -3 8 16 -7 -11 -20 2 1 4 14 -20 12 3 -5 -4 17 5 4 12 16 7 -19 -19 14 6 14 3
12 -19 -12 8 16 -7 -17 -2 -7 4 -2 5 3 -10 -1 15 -8 -14 -7 16 14 -5 9 16 -15 -12 1 13 5 18 -7 -9 5 -3 17 -18 -2 -13 19 6 8
3 -10 -3 6 18 12 10 -13 -13 -19 -18 -1 -10 -1 -11 -10 11 6 -3 -10 -1 16 5 5 -16 13 -6 -13 1 -14 13 -5 4 -8 -17 4 -18 -1 -12 7 -8
7 7 -14 -13 -12 20 7 13 -1 -7 -4 -6 -12 8 -7 -8 -18 9 20 -5 20 16 -5 1 1 9 -8 -6 -14 -2 -4 -9 -19 -3 -16 5 0 -13 -6 -19 -2
18 9 19 -3 11 -11 -8 -20 20 2 18 -17 -7 8 14 20 -8 6 2 3 -14 -1 8 -7 -2 -6 -11 4 -11 -11 2 17 8 -1 -14 -16 13 -20 13 4 19
7 -6 7 -6 -12 18 17 0 -19 -14 16 -11 -1 8 15 4 16 -16 -16 12 5 -15 0 -4 18 1 -17 2 18 2 -7 -7 -17 6 14 -16 15 -5 -2 -10 -7
13 -11 -10 -8 12 9 14 -20 18 -12 -18 7 -20 11 -18 13 0 2 18 17 -16 -13 4 16 -7 -5 -10 14 18 16 14 12 -18 -15 -9 -1 16 -16 -20 8 -16
2 -20 -18 -13 13 13 6 6 -7 -3 -13 15 2 -9 -2 -8 -11 -19 1 -8 -4 8 7 19 11 13 11 2 7 7 18 -7 7 9 18 3 11 7 8 17 -16
-6 -14 -9 11 0 14 -11 19 0 -7 -11 16 -20 18 -11 9 -5 8 16 5 12 -5 -5 20 9 18 -19 14 13 -5 15 10 -10 15 -3 -20 9 -8 10 10 -18
-11 -6 15 17 -13 -14 19 -13 -17 -9 5 9 -6 17 19 1 -3 14 -14 -2 -17 -19 0 -8 11 20 9 -15 17 18 7 -6 -2 19 -16 5 -17 -16 2 -12 -18
-8 -12 -6 -8 7 -4 -2 16 -14 -12 2 -16 13 3 -15 15 13 8 -20 -13 17 -16 0 -8 19 10 -4 -18 -9 11 -13 0 -19 -5 7 14 12 -10 -12 20 -5
14 8 -16 13 20 17 4 -20 5 14 8 12 -8 0 0 4 14 13 -20 -1 16 -15 -1 8 -13 -1 6 19 11 12 -16 16 -9 14 -10 6 -17 -3 -9 11 -6
12 -13 -8 -7 15 -11 -9 0 15 4 -4 11 4 -6 9 1 -19 -15 -16 7 4 12 7 8 20 -5 2 7 -17 14 -11 -1 15 -12 9 -3 -17 -16 -14 -1 -1
-8 -8 4 -9 16 8 16 11 15 9 12 10 -6 -10 0 18 5 -1 2 -15 8 -18 -10 17 -2 -1 18 -11 -14 -18 -12 13 5 6 4 17 15 -15 -7 18 -13
11 8 -20 16 18 -6 15 1 4 -12 -16 -20 -17 13 9 13 14 -3 18 -4 19 11 -17 7 6 7 -12 -15 1 -9 1 7 9 -13 11 -3 4 -5 -2 10 1
-19 19 4 11 -13 5 -16 -6 1 11 -1 -17 4 2 16 16 -4 -18 10 1 -3 -19 4 20 10 9 14 -5 -15 1 -19 4 17 -19 -4 -12 -9 12 13 10 -18
-8 -11 10 0 -15 -9 14 14 12 -18 -15 2 -7 -5 -2 16 -7 -8 -2 -6 -7 -15 -20 11 18 -6 16 -12 20 -11 -7 -20 -16 -3 -5 11 6 -11 -4 -2 7
3 17 -4 -16 -12 4 17 -5 -20 -9 -20 17 1 11 -14 18 -15 0 -18 15 -12 10 -4 3 14 0 -18 9 -15 13 3 -12 -9 13 -9 20 15 -5 2 14 -7
-11 -3 -15 0 -9 -2 20 5 -15 -14 13 20 -7 -20 -9 10 1 5 14 1 -8 -2 18 10 -2 -9 -17 -11 6 -3 -5 -17 -17 5 7 -20 -12 -9 -10 -20 -6