37 41
-20 11 10 11 -13 -14 -15 10 15 -7 -19 6 -19 14 -1 -10 -1 -1 20 -9 -3 13 -7 10 3 -20 7 0 16 -3 14 -10 -7 -15 10 -8 -20 13 19 -8 -11
-18 -2 -6 20 18 -11 -14 -2 -16 10 -9 9 5 16 -6 0 -7 15 -20 5 16 -20 -20 -5 19 -10 14 -18 -9 -19 -18 16 18 -13 0 -3 0 -15 -10 -7 -11
12 -16 7 -20 4 6 3 13 -10 -3 -14 18 18 -8 -1 2 -17 7 -17 19 5 -16 -20 1 -15 18 -5 -10 10 -1 -12 4 -6 13 7 -1 17 4 4 -10 -11
-6 10 3 -15 -3 -19 1 10 17 -2 14 11 12 2 3 -20 -17 -7 19 18 -16 -1 14 14 -6 -12 1 -7 -1 9 -7 -13 9 15 -14 19 -17 -11 -4 -12 -12
16 -19 -13 -13 -12 16 14 -9 -3 13 7 -14 14 -1 -16 2 -20 2 16 -19 0 -20 -8 13 17 7 18 20 12 -1 19 9 -18 -20 5 6 -5 -17 -11 16 8
14 -9 -4 -12 0 -12 17 12 5 -4 3 -15 -5 -4 -18 5 13 16 9 0 -6 -20 -7 -3 -11 10 -1 5 14 -2 -16 12 7 -13 18 5 7 -13 -3 15 -8
-15 -15 -13 -19 -13 7 12 11 9 -12 8 -17 19 -3 -5 9 0 -10 -14 -5 -13 -7 2 -18 7 -10 19 -18 20 5 -19 16 -5 0 10 -8 -8 5 2 -14 -14
10 0 -2 11 9 -12 11 11 -4 17 -4 -3 12 10 8 10 -6 -20 -16 6 4 -20 10 -3 -1 -3 -12 1 -15 -3 6 -12 3 4 16 -10 -18 1 16 2 6
9 13 -13 15 1 -16 0 -4 -11 4 19 -11 18 -15 17 -4 -5 -9 -11 18 5 13 -20 10 -13 -7 2 15 6 17 18 7 11 -19 -14 -16 18 -16 -20 14 16
-11 13 3 -6 3 -19 10 2 9 -7 11 -8 15 0 14 14 6 12 -18 3 19 4 -9 -16 19 -10 6 19 19 12 18 -6 6 -10 -6 -1 -9 -3 13 16 -6
-6 -17 -4 -17 18 -1 -9 -14 8 -3 -15 -10 -20 16 1 13 15 17 1 8 10 -7 3 -12 3 6 13 -17 3 18 -20 -15 -1 6 5 1 14 -15 14 5 -13
-18 -2 -8 5 6 7 20 11 -5 -19 -2 -19 -17 -19 1 -6 -15 -16 3 -9 -10 -2 -15 5 -13 -17 -4 -11 -8 -9 -16 -15 -16 16 7 5 6 2 4 -4 6
8 20 13 7 -10 -19 15 -18 14 -4 20 8 -5 -16 20 -12 0 14 -16 -20 -2 11 -3 -19 8 13 -1 5 -10 7 7 3 17 0 -12 -19 15 0 -14 12 10
-9 -10 -17 7 -14 -9 11 0 5 -17 -14 10 -1 -16 20 -12 -6 -2 16 17 -20 13 9 17 -1 19 6 6 -12 15 -1 9 19 -1 -9 13 -18 15 3 -5 14
3 8 -5 -14 17 11 20 18 -9 5 -19 20 20 -9 -17 -19 14 6 20 -4 20 6 -14 2 19 -14 -15 -18 -9 -8 -4 -19 11 20 -15 -18 0 -2 -1 -13 4
-11 12 -19 -17 -5 -17 20 -11 -1 5 0 -16 -12 17 -11 -19 -3 12 7 6 -18 15 13 -7 -19 17 10 -15 15 12 17 -5 -15 18 12 -11 9 -17 -9 -1 0
-5 -14 12 -14 -18 -10 -12 -16 19 -18 6 -9 -1 6 -14 -17 -19 13 17 5 -17 18 -12 -20 -8 -11 -4 7 4 19 4 19 0 18 -18 0 17 -9 18 -4 8
4 0 17 15 -15 1 20 -6 6 -9 -10 -18 17 12 10 -18 -8 8 -4 -15 -7 2 6 2 -8 -10 -17 -17 -4 18 -17 18 -11 2 1 -6 8 -3 -12 -12 -13
-12 1 15 3 -8 8 0 -10 -20 -10 12 -3 -8 8 0 1 7 12 -16 19 -19 4 17 8 14 -16 18 4 17 -12 -4 -2 -4 1 -15 -3 3 11 10 2 -8
18 -17 12 15 -13 -16 13 19 -9 -10 -1 13 -15 -6 15 -6 13 11 16 3 12 20 -9 20 -9 -6 11 -17 -17 14 -13 10 -6 -12 -14 9 19 7 -3 -18 -4
-6 -18 -10 5 -7 -9 -10 -9 -1 -17 5 -5 20 7 -3 -12 -5 -11 -2 -12 -8 -11 -9 -16 -3 -15 -13 13 -1 -20 -3 -14 14 -16 -10 -13 -18 -5 -19 6 19
6 16 3 6 -18 5 -1 -15 -16 9 17 -15 9 8 11 10 -19 -19 -13 -13 5 3 10 -17 7 -13 -9 3 -3 -1 -13 -13 -7 -15 7 20 -15 6 -8 -8 -13
-17 -4 -8 -7 -12 7 -10 18 4 -10 -20 10 -17 19 4 -7 12 6 2 11 -9 1 -18 -6 -14 -16 19 -10 -20 -11 -4 -2 -15 -16 9 -7 3 -10 -14 -14 10
-14 -20 -9 2 -9 -6 -10 -11 -11 16 -14 -7 8 -17 -18 2 4 -4 -8 19 -13 -17 15 12 -12 6 -19 -6 -11 17 -10 -6 -8 16 0 5 -2 -15 6 13 -16
9 20 -20 -11 -15 10 0 4 -17 16 -13 3 -13 7 20 -5 -2 2 0 -7 12 19 -10 -20 -11 16 -11 -15 8 0 7 -9 -10 16 14 -6 -4 -2 -3 -15 -18
-19 -19 -16 -18 16 -2 17 -16 -8 18 -20 11 2 -4 -18 -20 -18 -17 20 -14 -8 -16 -17 -8 -20 19 -10 4 14 -13 7 -16 -5 -9 -12 -18 -17 17 9 11 3
10 -9 8 -8 2 -20 1 -13 20 15 2 8 2 5 9 -13 0 3 -18 -7 15 -16 20 -13 -20 -9 -19 -4 -13 -18 0 -11 7 8 -16 6 15 16 -19 17 -2
-10 -18 1 15 16 -7 -4 19 -4 17 2 2 4 10 -7 -4 5 10 18 11 6 -1 -5 5 0 1 -2 -16 -3 3 13 -4 4 -19 0 15 -12 14 12 0 12
2 1 -3 -14 4 -17 12 -9 -6 9 3 -3 5 -18 13 10 11 12 13 -9 -6 8 -18 18 20 -3 1 7 -16 20 14 -10 -1 9 -7 16 0 11 17 -2 -13
18 -16 19 -1 -17 15 19 -11 -3 18 -10 8 -13 -12 -3 -18 0 16 17 17 3 0 16 -10 8 -5 -1 11 -18 20 13 -10 20 20 3 -12 -10 -2 -1 -4 11
-7 11 -4 -6 4 19 3 9 -17 -5 -10 -12 -4 -14 5 12 12 -8 -15 17 0 -14 -2 8 -7 15 11 2 -13 10 1 13 0 20 10 5 20 0 -8 5 9
11 20 20 -11 -11 14 -15 -1 -16 18 -9 10 13 -15 -8 -7 -3 -7 10 20 6 1 8 -13 1 -13 8 10 -9 -14 7 19 6 0 -16 -14 -11 15 -13 -16 -3
-20 16 -13 -10 20 17 -7 14 -8 16 -19 17 -1 15 -5 -19 9 -4 -8 17 20 2 -1 -16 -6 4 16 -20 -18 -16 10 -6 -12 19 -12 8 -2 -17 15 10 -16
-10 -16 19 -4 14 -2 15 1 10 15 4 8 -10 19 -17 -1 4 -9 -3 15 16 -18 11 20 -8 -2 7 -3 6 10 -12 19 5 5 4 -16 12 7 11 -6 0
-20 9 6 18 19 -4 1 3 -1 9 11 -19 10 10 -9 -10 -15 -18 -6 -10 -5 13 15 8 0 -1 12 -17 -3 1 4 6 -9 -6 -5 -6 -11 12 -15 7 -8
0 -17 20 11 -18 1 1 10 -15 0 7 -9 -11 -13 8 -18 12 -17 18 1 -20 16 -7 14 7 15 13 -12 10 18 13 1 -1 -20 -18 -12 4 -16 -4 -7 -10
-2 -6 11 -12 -3 16 5 -10 -3 7 -9 17 -11 -6 -9 -19 11 -7 -14 -1 5 9 -3 -14 -8 11 0 19 15 15 1 10 5 -8 0 -20 -15 -12 1 -1 2