37 41
-1 15 11 9 -4 1 -10 18 11 -10 6 10 8 18 -12 12 10 17 -9 -12 19 -3 -12 -7 -5 -19 0 -7 -4 -20 -16 -10 8 -19 -12 9 -1 1 -18 -6 17
7 -17 -10 -9 5 -17 0 -18 9 -3 9 9 -14 10 -5 -14 16 13 13 -14 -17 14 20 -20 9 -18 14 -6 8 20 17 -8 -3 -8 14 -15 20 -3 3 -6 -1
-10 -6 -5 16 12 5 -5 -12 14 -13 -19 8 -2 11 2 9 14 7 -20 0 -4 -11 -11 -12 -20 -13 3 5 4 -2 -15 -18 1 -14 -3 -6 -15 -11 -16 -15 8
20 10 8 14 7 -9 3 16 11 5 -8 -16 -5 -14 -2 11 5 -6 0 6 18 -10 -19 7 4 -3 11 2 12 -9 4 -4 2 10 9 0 6 -9 13 -4 5
-2 11 7 3 -4 0 17 -18 13 -3 16 4 -4 13 -11 6 -15 11 -20 -11 16 -3 18 19 13 -5 1 16 5 14 -6 5 -12 19 7 19 -12 8 5 14 -5
-16 7 -15 -15 -2 -7 8 -4 12 20 12 -2 -12 -3 9 -10 -20 2 0 -16 -9 -11 14 8 12 6 20 -1 20 -4 13 -8 19 -14 20 13 10 -19 2 19 -17
-8 6 -15 19 -9 18 20 -19 11 6 19 18 7 -2 -6 5 2 -14 10 -9 1 10 -19 14 7 20 -8 19 14 10 -4 -5 -8 -9 11 17 -1 -10 2 13 -14
0 9 -1 19 -1 0 13 -20 -11 -13 5 -2 6 18 5 4 -9 -5 16 -14 -8 -2 16 -12 18 -18 5 1 -7 -10 12 -7 10 -3 -5 -3 -18 -5 -9 9 -3
6 11 -11 -2 7 1 18 -14 9 15 16 2 11 -16 -4 -14 -10 18 3 -12 -14 2 15 15 17 12 7 -16 3 -19 3 -7 -9 9 -10 16 15 -7 -6 -17 -9
-20 8 5 14 -3 2 19 -8 4 -18 -15 12 -16 13 -19 -13 2 3 2 6 -4 8 -2 2 19 19 0 3 -19 18 7 -17 4 -11 19 -2 -6 -8 -4 11 -7
1 -10 -13 6 7 13 -10 16 9 -20 20 -12 20 -2 -5 9 -6 18 -19 16 19 -13 -1 2 -8 14 -5 -3 17 17 13 -18 -17 -7 15 -9 -18 -15 -12 18 -19
14 20 -7 4 -14 7 5 16 11 6 -10 -9 -13 -14 -8 -18 7 13 -15 -2 18 -3 -7 -1 8 -12 0 15 -20 -10 3 10 -17 3 -8 -10 2 2 11 -19 -18
-13 -6 12 7 12 -19 3 4 11 -3 -20 1 20 -4 18 -15 5 12 0 7 -10 2 -17 -18 -11 1 1 5 -18 12 -14 -6 -3 -1 9 0 10 -3 5 17 -16
20 9 -11 4 -6 -6 7 -5 2 1 -2 8 -1 9 8 -11 -5 -17 -3 13 14 -10 7 0 -8 -10 -6 17 -6 -8 -19 8 -15 14 -15 1 -15 -12 -18 -16 18
-11 -9 -9 16 4 0 -11 4 5 4 -16 10 2 -17 -17 5 -12 11 15 10 1 3 -17 19 15 4 14 20 -15 8 15 -3 4 8 -12 -5 12 -18 11 13 -16
-15 4 1 15 -8 -6 0 18 -7 -15 5 18 -19 -15 -18 -7 16 3 8 -17 -9 11 -16 19 -17 -16 -4 -14 10 -17 -3 17 6 -12 -9 8 -18 -8 17 -17 7
5 -3 16 18 -14 -4 -17 -2 5 -18 15 -9 -15 -3 20 -12 2 -16 -3 -20 5 7 7 -6 0 -8 20 15 7 -17 -6 -4 -2 -4 -5 -6 -18 15 6 -1 18
-16 -5 6 13 1 -3 -8 11 18 5 -17 2 15 2 -20 -19 -13 -5 20 -2 8 -12 12 4 5 19 20 1 -19 19 9 2 -4 19 2 16 -9 -20 -18 -16 13
6 11 -20 18 -3 16 -11 -5 -10 -20 10 15 -17 -6 2 -5 17 16 -13 -10 -6 -10 -10 -5 -13 14 14 1 2 5 18 6 17 -7 -9 12 -20 -13 -5 -4 -18
-6 -20 2 -13 -8 2 1 8 16 -5 15 -4 -6 -4 -2 -2 9 -18 -19 -18 -3 -10 -4 -8 -12 7 4 -10 13 -16 15 -5 -1 -8 -6 6 -10 14 13 15 12
-16 20 13 14 11 12 12 16 -19 -4 11 0 -7 -11 2 14 -1 17 -4 2 -1 -2 14 8 -16 13 10 -10 -10 -13 -11 -19 -14 10 -7 13 3 -3 13 -7 11
-6 19 -14 14 -20 -1 -6 -4 -11 9 -6 4 11 13 9 14 6 12 -3 14 -2 -7 -14 14 3 20 -20 20 18 12 -19 4 -10 -16 13 -14 -6 3 4 10 -11
-2 0 -16 10 15 -17 15 12 -8 8 -1 0 -13 -5 -18 -12 -4 -13 1 17 14 -10 -18 2 15 -16 -7 1 -11 -1 9 4 -8 0 20 -17 11 16 -5 -8 -4
-18 1 -15 -5 -1 -14 5 5 19 -8 1 -16 -16 3 12 -8 -20 13 15 8 -17 12 19 -8 7 -1 -6 8 6 -5 -1 -20 18 18 15 -8 13 1 18 -3 -15
-5 14 -4 4 5 -19 18 8 10 -5 -7 20 -7 17 -6 6 -15 0 18 -1 -3 12 7 9 18 6 1 10 16 8 -11 20 -15 -6 -9 -7 -9 -20 18 -16 -10
-2 3 10 -2 5 -12 15 -5 2 2 4 6 8 -8 20 3 -7 17 17 5 1 -10 14 -14 0 2 -18 5 -18 14 -11 -20 -10 20 4 -6 20 11 -13 16 -10
8 3 0 -5 -1 14 3 -1 18 8 9 9 19 -18 -7 -18 15 14 -5 -18 -17 -11 -9 15 17 0 -4 17 16 -19 8 5 -8 19 5 -6 1 19 16 -2 3
-13 -17 9 13 -20 5 6 -8 3 -1 7 10 3 -13 -15 -2 7 20 2 -15 9 9 4 -12 12 13 6 -16 8 -12 -20 -14 13 20 -20 19 -6 4 -10 -13 14
12 5 15 6 -13 -4 -19 8 -19 8 5 19 -10 -13 13 1 -9 17 -7 9 9 6 -9 2 -17 20 -19 -13 10 8 -5 7 15 -7 -10 -11 -16 13 18 3 12
-11 17 3 -10 7 -10 -7 18 -15 17 14 -6 -17 -1 -12 -6 -9 -16 1 -1 4 19 11 -6 9 -16 5 16 18 -9 20 -9 -1 10 10 12 -7 2 -8 -13 -5
0 -7 -2 -4 7 7 -16 7 16 -8 -4 -6 19 -3 -19 -18 -6 -3 -13 11 -11 11 -16 -7 -11 2 5 -5 4 2 -11 5 -13 18 10 -3 3 18 -1 -17 -6
1 -7 8 5 -12 -12 20 -19 -19 7 -6 8 -1 0 13 17 16 -5 -2 -19 5 -14 15 20 -9 18 -10 16 -15 -2 8 15 4 14 -10 6 -4 -12 -6 19 -8
9 0 -11 -18 13 2 8 -15 12 -1 -10 -15 -12 -15 20 -7 2 8 -3 -17 7 19 -7 -1 -17 -16 -13 12 -15 -8 3 13 -2 -15 3 15 -5 19 -3 -17 -1
20 -14 -2 0 18 -20 19 -13 18 -4 20 -14 8 -12 13 1 -5 5 -14 12 17 -9 14 20 5 15 4 -2 -16 -15 -8 7 6 -8 18 -11 -10 -4 -12 12 8
-19 12 -18 6 -10 -17 -11 -20 6 0 1 -4 18 -8 -11 -10 17 -4 -20 -20 14 -2 8 -12 6 13 -11 -11 -2 -2 -17 -3 -16 -11 14 15 -9 -20 18 -4 8
3 12 -7 5 -8 14 -11 -19 -3 -8 18 -7 7 5 11 17 -11 18 -13 8 -19 -5 -15 17 -17 -17 -7 -20 6 1 5 -14 9 20 0 -4 2 4 8 -19 -12
4 19 0 1 -17 -15 -9 12 12 -7 17 -2 18 7 -8 20 -13 -1 -13 -12 -20 20 -4 16 19 5 -17 9 16 20 -14 1 -20 -11 11 13 5 13 3 -4 -8