37 41
-11 -2 9 1 -18 -10 -19 16 -11 -12 8 8 6 -18 13 -1 -17 15 13 20 -2 -3 -20 2 12 -18 -9 -20 2 10 19 10 -3 9 -19 11 -6 -10 -14 -14 -13
-6 -15 2 -1 -1 4 15 -19 16 1 -17 18 -3 -3 13 -16 -8 7 17 -15 -16 18 6 -11 12 9 19 -2 -11 14 1 8 -6 16 16 -2 13 -19 -12 6 14
-6 -4 14 -20 9 -20 -17 -3 -11 6 5 -16 -20 6 13 15 14 -18 -17 -8 7 15 -6 -8 1 -19 8 -20 5 -12 -13 14 18 4 -8 -3 -1 1 -1 -7 1
-4 -11 15 -11 -14 5 -5 -8 -13 18 -6 19 18 20 -9 -3 4 8 -17 -8 0 8 10 8 -12 2 -9 9 20 8 -8 14 -7 -11 11 15 3 -11 -6 -18 -1
12 -19 5 5 9 -17 -13 0 -13 -3 -3 -5 18 1 9 17 10 19 -11 10 6 4 18 -1 8 7 -14 -3 -3 -13 7 6 -6 8 -7 -14 15 -19 15 -14 -10
0 -1 -15 -18 -9 -2 -7 4 3 -13 9 -13 9 -17 19 3 2 -12 17 -1 -8 7 20 19 16 20 -9 -11 -11 -20 8 12 -9 15 -10 17 -13 11 16 5 16
-13 12 7 16 13 3 -4 -9 11 20 6 -6 4 -1 -13 -11 -9 17 -9 2 -1 11 18 -12 -3 -5 18 -14 -13 -12 -19 -2 12 11 2 11 20 -14 -16 14 -3
4 9 8 -17 17 19 16 9 14 19 1 8 -16 -1 12 6 15 13 10 -19 -20 17 20 -3 14 2 9 -9 -8 9 -8 -12 4 13 -1 -19 15 15 16 -12 -9
-9 -15 7 16 18 16 6 6 -12 -5 5 -17 13 -5 1 17 -17 -6 -8 16 -8 -2 -2 6 -11 3 -4 0 13 2 -4 11 -14 -13 18 17 -3 6 17 14 -5
-9 -9 -8 -20 7 14 13 -15 8 13 -3 15 -5 -5 8 0 14 -10 -13 -3 2 1 -18 6 10 16 -20 -20 0 2 -15 -4 -19 -7 -8 -12 -1 -9 16 0 -20
16 18 -9 -8 -13 7 -11 15 16 -15 -6 3 -20 -12 -13 0 12 20 -13 14 4 3 -13 -14 17 -19 20 2 15 14 18 15 -8 4 -11 -13 -12 7 11 0 19
-13 -4 10 11 -9 10 18 5 1 18 -16 10 6 -2 -8 0 -12 -6 -1 -15 18 -10 -14 -16 -10 -18 -5 9 -7 12 1 -6 -8 -7 17 -9 13 8 -4 6 20
19 -2 17 2 5 20 -9 5 -12 -19 -15 -19 -16 10 18 14 -13 -11 1 0 -5 -1 0 16 16 9 -14 1 4 -16 -11 -1 -14 1 -6 -11 15 -1 16 0 -1
-5 -15 -6 14 14 20 -16 16 -12 -3 -20 -16 16 -6 -17 -20 -11 -20 8 -16 11 -6 -19 18 10 17 -15 14 -13 18 14 15 -3 -19 2 4 11 15 7 -6 5
-18 -14 -11 14 -13 12 -7 -5 16 -17 6 -13 17 13 -16 9 -8 11 5 -17 2 -20 -19 15 -1 16 8 8 13 -8 -18 10 12 -5 20 -17 13 1 17 14 -11
-9 19 12 17 19 -12 15 6 -15 -13 -18 -15 -5 7 -17 -2 -9 -7 -16 2 -19 -11 4 -7 -7 -1 3 14 -20 -8 17 1 -10 20 -15 -7 -12 -3 -15 -13 -11
-7 -18 -14 -3 -9 2 -6 -16 -6 9 -6 5 5 -6 -14 10 -9 0 10 17 2 -8 -5 17 8 4 13 14 4 -14 -10 -17 12 5 3 3 17 16 9 16 12
15 -7 -19 2 19 -8 -1 12 18 -18 -20 19 12 8 7 19 19 2 -5 8 0 20 -4 -5 -3 2 -18 -13 5 -6 -19 -1 0 7 -2 13 13 5 5 -19 9
1 3 -18 -18 20 -6 5 16 -2 10 -17 -2 -10 17 11 1 8 -13 5 -17 17 -13 1 7 2 5 7 -12 -7 -8 -12 14 -4 4 -4 -3 17 -8 2 9 10
-16 4 -16 11 -9 -15 5 17 6 10 -6 11 3 -20 0 2 -16 0 14 -13 -16 -10 -7 -15 2 4 2 -6 19 -16 -5 12 0 18 -18 6 -9 -15 20 -13 20
-5 14 -5 10 2 4 7 -14 -12 4 0 -15 -5 6 -4 -9 -13 -5 17 14 -19 12 -5 -5 -14 3 3 2 16 -4 7 -18 9 -13 7 -4 18 -18 -11 -17 -4
6 17 -20 -10 10 15 2 -12 -13 -8 -8 16 -20 15 -10 10 14 -15 -3 8 11 11 -20 15 6 -5 -11 14 2 5 -11 -11 0 9 -19 -16 -9 12 -1 -4 17
-14 18 -4 -4 -19 -2 -10 10 -15 -5 4 -17 -2 -16 11 20 8 -10 -20 4 3 -18 -5 -4 17 -4 -9 -6 -15 -20 16 3 15 -6 5 0 16 1 -7 -9 19
-10 9 0 14 -3 0 -6 -12 -17 6 -17 15 -10 -1 -17 9 -6 17 -1 -19 5 -13 18 -11 -13 11 9 -8 5 -6 8 15 -10 14 -16 -15 -14 -2 10 20 -14
4 -5 -13 -18 4 16 -17 -9 15 11 3 10 -9 -20 -10 19 -7 1 17 8 -11 -7 -18 -18 -8 6 -9 16 -10 -5 -3 -9 1 10 -9 16 5 -19 20 -19 11
-11 -1 -17 2 3 5 20 -3 -12 -17 5 -14 -8 -15 6 -4 -15 -2 14 13 19 -14 -1 -4 -12 17 -1 -9 5 -20 -18 -11 -7 19 2 18 6 8 8 -5 -4
18 -2 4 8 -5 15 -16 -17 20 3 17 -10 12 -2 -13 16 -13 -5 -5 5 -2 -10 -2 -13 20 -14 20 -8 16 2 -17 -6 10 5 6 -7 -1 5 -13 -7 -19
-11 -13 1 -9 20 -10 16 15 -20 -11 -11 14 -1 -17 18 20 16 -19 -19 -16 16 12 -11 2 6 -12 4 -9 -8 -18 -1 -9 -10 -16 -2 -15 14 12 5 9 5
19 -4 11 9 0 0 6 5 15 2 19 15 -3 -18 -3 -2 10 -9 18 -8 -13 0 -14 8 1 -16 -13 -5 15 -17 -11 14 5 -4 9 -9 -4 10 5 -16 8
-5 -14 1 -5 -17 20 9 -7 -3 18 -19 -1 -19 14 -16 -10 17 -20 12 -12 -14 -2 4 19 8 0 -16 14 18 -6 -1 3 -15 1 16 -19 11 17 -18 15 -16
-9 -17 6 2 16 -5 11 7 3 -17 8 6 -2 -3 5 14 -18 12 18 3 -7 18 -1 6 1 19 20 -2 -3 -15 -20 18 17 14 8 -18 20 11 -7 14 4
-1 -6 17 -14 3 0 -16 -3 -8 -6 -9 7 -12 -19 16 5 8 12 -5 -18 3 13 4 4 -3 -16 -15 -12 12 8 -10 16 -8 12 8 -19 -19 -1 -20 13 4
6 1 10 -5 -18 6 10 -1 20 9 15 -10 19 2 4 -18 8 19 13 2 11 -16 -6 17 -7 -5 2 -9 -16 5 11 17 6 -6 6 -12 -11 17 -17 10 -17
11 -17 -10 -19 17 -10 11 -13 3 -7 -7 -12 -20 -16 19 4 -11 -19 5 -1 5 11 -15 -18 17 -18 4 -19 8 -11 3 7 -19 -13 -13 15 -6 -18 14 16 1
19 18 19 -2 5 -5 -7 18 0 12 4 15 -1 2 -5 9 -3 8 4 12 -19 18 20 -4 9 11 3 -2 7 18 -15 -5 -18 16 -14 -18 -13 6 -5 -14 -13
-3 -5 6 -6 0 -3 6 16 8 16 1 -6 2 -12 -11 -19 0 15 1 -4 -20 16 3 5 -13 -12 10 3 -4 -1 -19 -12 -8 15 -7 4 19 14 15 -15 -20
-16 -12 -8 -8 -9 18 -14 -18 13 -9 9 -7 -19 19 -6 -20 -18 6 -17 -10 4 -11 -4 9 -20 -18 -19 4 -11 1 -5 15 16 14 0 3 -6 1 -12 4 1