37 41
-9 -12 17 20 -8 19 -11 -13 -5 1 18 -4 16 -18 13 -4 -12 -5 -12 -8 13 2 2 14 11 14 8 -3 17 13 14 19 3 0 -20 -5 -3 -20 6 13 8
-5 16 -9 -19 10 -19 -1 -4 0 14 13 -8 -6 -19 -12 9 -8 12 2 0 1 0 19 -14 15 8 -4 11 -20 -6 20 -17 7 -15 -11 -20 -3 10 -4 -8 19
14 -11 9 -13 -2 -4 -9 -18 -9 1 5 5 4 -19 -11 -18 -17 -6 -12 -4 19 -13 -18 -15 5 6 -7 7 -1 8 -5 2 -9 -13 6 -20 5 2 7 20 2
1 8 13 19 -16 7 -2 -20 -18 15 13 -17 -13 -15 -12 3 -18 6 12 1 8 4 -9 8 0 19 -14 10 -19 -12 -14 20 -18 -20 -17 -5 12 19 5 -2 -4
0 1 17 -3 9 14 7 -14 1 -20 12 -15 -20 -20 0 0 -20 -8 2 -10 18 16 13 -4 -19 -13 5 -16 -16 19 5 9 -19 -7 -9 3 0 5 13 8 -15
14 -11 15 17 -5 -18 -14 14 -9 -12 0 -1 15 -7 19 -8 2 5 15 -5 -8 -6 19 -19 -7 17 -6 2 8 13 6 0 -15 -7 -4 3 19 -16 -1 -13 -8
-1 16 11 12 11 9 -11 -2 -12 10 18 3 -7 14 -8 -15 13 -17 -19 -9 3 -4 -17 0 7 16 -7 -12 7 11 1 0 14 -12 0 13 -16 -15 13 14 0
-2 -10 -18 16 8 -15 -17 -5 -8 -17 2 -5 0 15 3 -11 -3 -2 16 -1 8 -7 16 -11 20 19 15 3 6 -1 -2 -10 -1 -6 18 15 16 -6 -19 6 10
4 11 -11 18 -19 -1 -9 -13 -10 -12 18 -8 17 14 3 5 7 -6 -9 -9 3 -20 11 -18 -5 10 -16 -15 -9 -12 -14 -9 -18 5 -10 19 13 7 6 4 -9
-16 8 -6 -10 3 -18 -17 -19 20 -5 2 -3 15 12 1 13 -1 -9 -13 -3 -16 4 19 7 18 -9 -3 -11 -14 13 -13 5 -14 -8 -5 8 -5 -13 1 19 -15
-15 -19 10 14 19 3 -12 20 -16 -9 3 -11 16 -9 7 -7 -6 2 -19 -18 -6 4 20 -10 2 -8 -5 -20 0 17 -13 -2 1 -16 16 19 -18 -14 4 -17 -7
10 2 12 -16 -2 -18 10 -5 4 19 1 -13 1 8 4 11 11 4 -4 -18 -13 11 -7 18 -3 3 -1 -17 14 -8 -1 -10 4 -9 -10 10 4 18 -5 -6 20
3 -6 -2 -8 14 20 -8 18 -1 7 8 7 -16 14 -6 -19 5 -3 19 -3 16 11 18 -13 -10 9 6 2 -15 9 3 2 -10 0 14 6 17 -12 -13 5 7
17 13 8 1 19 16 20 1 17 -8 14 -19 7 -17 -11 2 9 -11 -11 16 6 -20 5 -9 3 -3 5 3 -8 -10 -6 -10 19 9 17 8 3 -10 -10 3 -16
9 8 9 11 -7 -11 20 4 9 -14 4 11 10 1 9 -7 -10 -9 16 14 11 -1 -7 14 0 0 -13 8 -9 -17 18 13 14 -2 -8 3 4 9 4 3 20
17 5 -7 5 20 7 9 19 -15 -19 12 0 10 16 -10 20 7 -8 -18 -2 -3 -12 -12 2 15 -1 5 11 -18 10 10 -17 20 -10 -14 5 -3 -7 -4 -8 10
-7 14 -13 14 10 -1 -18 -1 3 15 -7 2 -11 8 -13 -2 9 0 -18 -11 0 -16 4 4 19 -20 13 13 3 13 -17 -4 -12 -5 -17 15 -8 -7 18 2 10
-9 -8 15 -14 1 -19 20 13 -9 3 -17 -10 5 10 -15 -12 7 6 4 -15 -6 11 5 2 -20 -19 7 13 -18 17 -12 6 19 18 19 -15 18 16 15 -15 -6
12 14 -9 15 10 -6 -13 -1 -8 -15 -14 8 -10 7 -2 -17 -9 17 14 8 3 -14 8 -20 -13 -1 19 3 -17 17 12 19 5 15 1 -7 -13 -2 0 9 15
-9 -10 -19 12 19 19 -7 -8 -5 17 -7 20 15 0 5 -10 6 11 19 -8 -9 3 15 6 -20 -17 -4 -8 -7 19 12 16 -5 13 4 19 8 1 -4 -15 16
18 17 17 -1 -20 -14 -8 20 0 -11 3 -10 10 20 16 -1 -10 -20 -18 -17 -4 10 -12 -19 1 -6 -20 8 -11 14 1 6 -19 18 -11 16 18 -18 15 -15 19
-10 14 -7 -12 -12 19 -16 -4 -3 -18 -4 -5 1 15 -9 12 7 -19 -5 -10 -19 10 7 -14 17 -2 -11 13 -3 13 -7 9 17 -2 8 18 15 17 -11 18 -12
-8 2 -9 -11 13 8 3 -16 4 -3 9 16 -15 12 19 9 16 18 -17 15 -1 -20 2 6 -12 1 -20 11 3 -3 -3 -7 -13 18 0 -4 -16 0 6 -18 -10
-2 -7 16 -11 20 -11 18 10 -4 1 19 -20 -13 20 -9 -3 4 11 0 -17 4 6 8 10 -11 -12 -18 -7 4 17 9 2 -17 1 -19 17 -13 -15 -9 7 14
3 7 -11 16 12 -2 7 11 -13 13 0 -17 -6 7 -12 -5 -20 16 -5 2 12 -7 9 2 -1 -20 -4 -16 13 3 17 -20 6 -16 1 -16 -9 20 15 -5 -18
-5 -14 9 10 19 17 -16 -7 -15 19 -11 9 -3 2 10 0 20 0 16 18 6 15 -20 2 -8 -7 -10 -10 17 -1 10 -19 18 -7 8 -13 -12 -9 -3 8 20
4 -19 -3 -3 1 16 -6 -4 20 13 0 12 11 -7 -4 8 0 11 -13 -17 18 4 -19 8 2 7 -20 -4 0 7 -7 -19 19 -12 -8 1 -9 -1 15 3 -17
-8 1 2 19 -17 -13 -8 14 20 -15 9 2 -9 20 -13 -17 0 6 18 7 17 6 -14 -13 -8 -10 20 16 -13 20 1 -15 -14 -6 19 16 -8 13 8 -4 -19
-17 20 6 13 -16 -13 8 -18 -6 19 -17 -10 -14 -4 -15 5 0 -8 15 -3 -6 13 12 6 -8 -10 -7 8 -1 -13 16 15 -18 12 7 -1 10 -10 20 19 -1
13 -11 -16 4 -8 -12 18 -15 12 7 -16 -18 -6 7 -14 14 -13 8 -9 10 17 -19 -16 19 8 14 -12 -2 -15 11 -18 8 -14 -16 3 1 20 -9 -17 6 -17
13 3 -6 -1 1 20 -15 7 12 10 -3 16 0 8 0 8 3 11 -10 -7 -20 -17 19 5 -2 9 17 2 6 17 -18 15 -1 -20 -2 -17 9 8 -10 -3 12
-15 19 20 -7 -10 7 0 -9 -3 0 11 -19 17 20 7 -11 -15 10 9 20 13 5 -4 17 2 15 -8 7 -14 -4 16 9 -20 -5 -17 -7 -8 -5 16 1 7
19 10 -19 11 -1 3 -20 -11 -14 -8 20 -15 -1 0 -6 -19 7 -20 3 6 7 2 8 -13 8 8 10 -14 0 0 -11 17 15 11 -9 -10 5 -14 2 -4 -15
19 9 -17 20 -8 10 19 -10 0 -1 -1 -13 20 11 11 12 -18 -6 -6 -13 -16 1 19 19 -12 5 -3 -8 -11 0 -1 -4 -14 -10 5 -2 -20 -11 -16 -1 11
6 3 -15 -14 -12 1 -3 -10 -3 1 -8 7 11 7 11 -10 -12 4 8 -14 9 16 9 -20 6 -20 -10 -9 11 -3 2 20 -15 3 -1 -12 -3 13 9 -8 -9
-7 -7 -15 3 -4 12 -3 9 -4 -4 -20 -17 12 -20 13 1 -6 -15 0 5 12 0 -5 -3 9 3 11 13 6 10 -4 7 10 14 10 9 0 -8 12 17 3
12 -10 15 3 -6 7 -8 0 3 -20 16 -7 16 -14 -19 0 -11 2 -20 -5 -6 3 6 2 13 4 10 2 14 -13 9 -15 7 -19 4 19 4 -7 -10 9 7