37 41
0 0 16 14 -3 19 16 -19 -5 6 -4 20 0 -20 18 -10 10 -17 17 20 16 -14 -9 8 -7 -5 6 -10 19 -9 15 3 8 16 -13 4 19 -13 8 -11 -5
-19 5 0 -13 1 2 7 20 13 15 14 -10 13 -7 -18 -2 4 6 -6 -4 -14 -6 13 -9 -10 -16 -5 16 12 2 -2 8 12 -11 -5 6 0 -8 -17 -13 -13
-4 19 -3 -5 3 12 -4 -4 5 -8 -18 -20 14 -7 15 -6 14 12 -10 -2 -11 2 11 -20 -18 3 -19 14 18 -19 14 10 -14 8 6 -5 -1 3 -20 -13 9
3 -19 3 1 5 -10 16 10 -7 -4 10 5 19 20 -3 -1 12 5 4 -8 -14 11 20 -8 20 6 7 -15 12 11 13 -8 -7 -8 0 8 -7 8 -12 -6 -4
8 -16 -1 4 -14 -14 -1 -17 6 8 7 13 18 14 -4 -4 20 -3 -19 16 -1 -15 15 16 -10 -2 -7 -3 -19 6 15 -11 -11 -2 15 14 -9 20 1 14 -16
6 -18 11 -15 -17 -3 -1 11 20 -12 -10 -15 -14 -16 -17 -9 13 -7 19 -5 -11 -14 -16 20 14 -6 17 -12 9 -4 3 7 -8 19 20 -2 13 -8 -7 12 1
-13 8 -2 -16 -7 -7 18 -3 6 -16 3 -6 11 -3 13 -15 17 -19 13 -17 -15 -7 -20 -11 -5 -10 -11 -13 15 10 2 16 -1 9 16 -3 17 17 4 -16 12
-12 -16 -14 8 20 17 2 16 1 -16 -14 -5 -1 -14 11 2 12 15 -19 16 12 11 1 12 -4 -13 -11 -17 -15 -9 -16 3 18 9 10 16 3 -15 -9 8 5
-9 14 -6 -2 3 3 12 -15 4 16 -2 -11 -2 11 -15 2 7 -20 -19 6 -13 -18 -1 -1 -8 -5 2 -17 2 -12 4 -7 11 -9 -1 -18 3 -10 5 15 -12
-7 -12 10 5 19 10 10 14 -4 19 -4 -11 -5 6 2 7 19 15 -13 3 7 -9 20 19 13 0 1 -15 -17 -16 16 17 4 20 -6 -20 13 18 1 6 -4
-8 16 -8 -4 -15 8 -9 -6 -20 -13 9 -17 -9 -13 -8 -1 -18 18 13 1 -1 10 10 4 17 -2 -7 0 -17 -17 -3 8 -20 8 5 -6 -11 -3 -18 -1 7
-9 -16 7 -2 17 -15 20 -1 2 20 17 -15 -3 17 -20 10 -20 -5 7 4 -8 2 18 -15 3 -2 18 3 5 -3 11 -11 -2 -13 -20 -9 9 -10 10 4 -1
-9 -7 -13 1 -12 -6 -15 10 3 -20 12 4 -17 13 0 7 1 2 -4 2 -10 20 20 -2 14 -8 -12 -1 14 -18 -9 15 -1 -11 -20 14 -6 -10 -6 0 -13
18 -7 -7 2 1 11 14 15 -18 16 12 -18 3 -14 -6 4 -10 -10 1 -3 -18 17 1 -2 8 -10 -6 -20 -9 3 -11 16 3 18 -10 -9 -14 -20 2 -2 -2
6 2 15 1 15 -1 7 -6 -5 7 -3 1 -8 18 -9 -3 20 -1 20 -9 -1 -6 15 17 19 -13 18 5 -6 3 6 -4 5 19 -17 -6 8 1 -10 7 3
19 -20 19 13 -2 -17 -8 -10 -8 -2 0 -4 -1 -9 9 8 18 0 11 -19 -19 18 -5 1 -1 -8 -10 -15 -1 15 -12 -19 16 17 1 -15 12 -11 2 7 -3
13 -19 7 -13 -7 -14 14 -6 -16 -18 -16 -7 -10 13 4 2 19 19 14 -11 10 -9 -12 20 -11 12 7 -19 17 -8 -13 -10 12 4 7 5 -7 -8 7 -5 -6
-4 9 11 1 -19 -15 -3 -20 6 15 -9 -13 12 13 18 10 15 13 -17 -18 14 -20 -3 20 20 17 -6 19 -18 -10 -14 -19 7 -20 12 19 -19 -4 -6 -16 2
9 -3 -12 -2 1 12 -15 20 -1 -4 20 19 14 -5 -5 -12 6 -12 -2 -15 6 -9 -2 -6 0 0 17 1 -9 -13 11 5 19 -7 6 -9 -4 -11 18 8 6
-3 19 -2 -2 6 6 4 -12 -6 -12 -9 14 16 -6 2 -3 16 -13 17 12 20 11 -18 4 2 2 9 12 16 -7 -6 -3 13 9 20 -19 -6 14 12 12 14
11 -3 15 8 1 -12 19 -3 20 -2 -9 16 13 -3 -18 -8 -11 -14 -10 -8 11 8 14 -18 -15 15 -16 -20 -10 -6 19 -17 -5 8 2 13 13 -10 -12 2 -14
-1 0 -17 3 -10 3 -6 -9 3 -14 -12 13 17 13 -9 -2 10 17 -16 0 16 12 -4 -20 -15 -2 3 4 10 18 -20 0 12 -4 12 13 -3 11 0 -14 1
4 -4 -9 13 12 0 2 -12 -4 5 7 20 -18 14 7 1 16 -6 -8 17 9 8 -15 2 15 12 12 0 19 14 -6 3 20 -18 12 10 -2 -4 -17 -11 -13
11 11 -7 5 -16 11 16 -17 -20 -14 2 -13 -11 19 -17 -11 -20 8 -16 0 19 3 -4 -16 14 -12 -15 -18 -19 8 -3 -14 7 5 9 -9 4 10 -10 -7 10
13 7 9 17 12 -5 1 -10 2 0 -6 9 -13 20 -6 -10 -20 15 6 17 -2 -7 -11 -8 -16 15 -18 15 9 10 5 -15 -14 20 -20 -2 -5 -7 12 -18 9
5 -11 -8 9 -10 -7 12 12 -17 -14 5 -19 -5 -17 -20 12 -13 -4 20 4 12 -17 -15 15 -1 4 -7 -16 7 -17 9 13 5 8 -14 -10 -16 -18 -4 -12 -14
7 1 17 10 0 12 2 17 -5 -18 -17 11 -2 9 0 -16 0 -8 16 -9 -14 -18 -10 -20 18 4 -9 0 -6 15 -5 20 -6 12 14 -3 7 -12 4 -10 10
-10 10 3 -19 -6 3 -19 20 -7 -3 -20 -1 -15 -17 1 -17 -2 -17 -11 -3 -13 -18 -15 -14 -17 -1 20 4 6 18 -8 9 -4 0 15 1 3 -3 1 15 1
-4 -10 -6 -9 -17 19 -6 -19 3 14 -3 -14 -9 -1 -20 1 6 10 -11 7 -10 -3 8 -19 11 7 -9 18 -11 7 16 -12 17 2 2 3 7 -12 -16 -10 -15
5 0 -4 5 13 11 -6 0 8 20 3 16 14 0 -7 -10 7 -16 -13 8 -7 -11 10 5 13 4 6 -17 -14 -12 -1 11 18 6 -8 15 17 5 -16 13 -12
0 -10 6 0 -2 -14 4 -16 2 13 9 -18 -2 -9 7 11 7 -8 3 7 -2 3 -20 3 15 19 -8 -18 14 -20 -7 -17 8 -12 -13 -12 -9 6 -16 11 5
20 -6 5 -12 1 -10 12 15 -18 -9 12 -18 16 -17 -20 1 7 -7 4 5 -19 -12 7 15 -10 -13 -12 -8 0 -5 -16 2 -8 -13 7 0 -8 -6 -9 -14 7
14 16 -18 11 -12 6 11 -17 4 1 11 3 11 -7 -8 -2 4 -3 9 10 18 -16 -5 9 6 -14 -11 14 16 16 -15 -7 -4 1 -19 -11 15 7 13 20 15
10 6 -11 -13 -3 18 14 1 16 -13 -4 8 18 19 7 16 -12 -11 -9 2 4 10 -9 -16 12 -12 -14 -13 -18 17 12 -3 -7 3 -8 4 15 10 -4 12 -12
7 8 -6 -2 13 20 13 -10 13 -10 -14 4 -17 4 18 -10 -10 13 18 -11 -11 3 2 15 18 8 -17 -8 9 18 14 -11 11 -17 9 -10 -3 4 17 -3 -12
-8 -14 -11 2 19 11 16 15 1 12 -7 -20 -17 18 -19 -19 -11 14 -2 -19 17 1 2 19 2 -7 -4 -12 11 5 4 6 9 -18 3 13 16 9 -5 -20 10
-11 -2 12 -11 -15 5 9 -7 1 13 -18 -6 10 5 12 15 -17 -14 18 0 13 3 -8 11 3 -14 16 -9 18 -16 -1 18 20 11 15 -11 1 -11 -10 -10 2