37 41
4 16 -10 -8 6 -13 -12 -9 14 -14 -18 -3 4 0 10 -16 -6 8 -14 11 -11 12 16 -6 -11 15 -13 6 17 20 20 -7 -16 -6 -19 10 -20 -8 -9 18 -16
14 18 -20 0 20 10 1 6 4 -4 -17 20 10 -19 20 3 3 20 9 -19 12 18 -10 6 19 -4 -18 20 9 11 -9 9 15 13 -20 -6 3 -20 2 -8 16
10 0 14 11 8 7 -5 19 14 -1 -12 -7 -5 -16 13 -13 17 -12 19 12 14 14 9 4 -1 -5 2 8 -5 -12 2 17 -19 3 16 3 4 -18 -16 -16 -2
-18 -18 -5 -7 -2 7 15 11 8 5 19 -17 -4 -19 -12 -18 7 19 3 -1 20 4 -6 -12 13 -20 2 -3 -7 0 -18 7 -19 16 -3 -3 13 2 -17 9 -6
-4 -6 -15 -19 10 19 -5 -2 -5 -8 -15 14 -2 3 -17 10 -19 -8 -5 9 17 -18 4 -18 11 -6 5 -8 -8 9 -15 16 9 8 -3 2 9 17 -4 12 -14
19 5 -16 -17 15 10 13 -3 7 -15 19 3 10 -8 4 9 2 -11 7 -14 14 -4 13 -6 9 -3 -13 -5 13 20 1 1 17 8 5 -18 -9 18 9 3 8
8 0 -8 17 15 -4 19 -16 14 -8 5 -8 -14 -20 -4 -10 1 -3 4 -18 13 -1 -17 -4 -6 4 14 -12 -1 2 9 -17 7 -8 -10 -3 -13 1 -9 -12 -8
1 12 6 -16 -13 0 8 -15 14 -10 -13 -12 -6 -4 19 14 -3 1 7 14 -9 -6 -14 3 6 14 -17 11 20 -1 7 11 10 7 2 12 -14 -16 -8 15 -3
-14 12 3 20 -8 3 -9 -19 -15 -1 -13 -16 -19 2 15 -16 -6 -11 2 -15 16 -14 -13 0 -6 15 15 -18 -3 -11 -6 16 -20 6 0 -15 20 -10 18 -8 9
-7 -1 -4 15 -10 10 13 -19 10 11 -2 8 -15 14 -18 0 18 -4 11 20 7 3 7 20 -8 1 7 19 -4 -17 -2 4 4 12 -5 -4 -14 -9 19 14 -2
18 3 4 -1 -20 12 2 1 -8 17 13 -10 11 -17 10 -5 -6 2 8 4 -10 -9 12 -6 20 13 -11 2 11 9 -7 3 6 4 12 -11 7 14 19 -3 -10
3 13 -18 -17 16 -2 12 4 -20 -12 15 8 -13 -20 3 12 -8 5 4 -1 -4 7 -9 7 0 15 -20 16 19 -20 19 16 -20 -4 11 19 -17 -8 -12 0 1
11 -17 -13 -4 -7 -10 -18 -6 -13 11 0 15 0 -4 -6 -20 19 10 3 -12 -20 2 8 20 -9 -4 4 13 18 15 5 16 6 -6 -8 9 -16 -8 3 -8 0
0 -11 -16 5 -15 -18 15 13 -2 16 10 -14 17 20 4 5 -11 -11 0 10 -16 -10 -19 -7 2 6 -1 16 7 5 2 -11 10 -13 5 19 -13 16 10 -2 -2
15 10 -7 -12 -17 6 20 13 9 19 7 -18 6 8 18 -7 18 19 1 17 17 12 -3 0 15 7 15 4 20 -2 18 3 -4 -4 -6 -9 -14 16 3 -9 -15
5 -1 -18 -8 18 11 11 -9 0 18 -7 16 -15 -15 0 -13 -3 -20 -3 17 -19 1 -9 20 19 16 -8 12 -10 14 -11 -10 3 -9 -2 -15 -17 2 -8 -7 -13
20 -18 12 11 -6 17 -5 -16 9 -18 -15 9 9 -7 14 19 -4 -5 -8 -14 -16 12 5 19 -7 6 -1 -20 -15 -9 19 5 -8 -15 -17 12 -4 10 16 8 15
9 -20 14 8 -12 -3 10 13 9 17 7 11 20 4 17 -2 -16 -18 -15 16 13 15 0 10 15 11 -14 7 -12 -7 6 -9 -12 17 -16 20 -10 17 -12 -10 -16
18 20 1 -13 13 -7 -4 -1 -2 -19 11 12 -1 17 18 18 -19 -9 -17 -17 7 10 14 17 0 -7 10 -11 -4 -19 -3 -8 20 -18 -18 13 -17 -20 14 20 -15
-17 2 -2 -8 12 -11 15 9 -2 -5 6 -13 -17 -15 -17 7 -19 -17 -20 -20 0 -17 -12 4 -8 19 13 -10 4 -5 -11 13 -3 -20 2 -15 9 17 -1 20 17
4 -9 18 6 12 5 -13 17 1 18 18 -20 2 -8 1 -18 -5 -18 -8 4 10 10 10 13 9 -11 5 -11 -14 19 7 -12 -9 9 -6 7 15 0 -1 6 -7
-3 10 -19 9 -10 13 11 3 15 -1 9 -19 -9 -18 -14 17 -1 4 9 1 6 6 11 14 0 20 -20 18 -15 18 20 3 -13 -5 16 5 -18 -12 1 -20 7
11 -18 11 -7 3 -2 6 -17 -10 -6 3 -13 7 -20 -15 18 -15 7 18 -13 -3 16 1 -14 7 -1 13 14 7 12 -12 -13 1 -14 -19 14 19 0 14 17 10
-8 -11 -15 10 9 10 18 -2 12 -5 -9 15 -14 19 -14 12 5 15 -3 15 0 11 -10 -14 -17 12 -16 11 -14 12 20 -20 6 -15 13 -9 18 16 9 -19 3
-12 -8 5 -5 -1 -14 1 0 14 12 -5 -4 -4 -6 -19 6 14 -14 -5 -13 17 2 -3 20 1 -15 18 -12 -1 -9 -14 -9 -6 14 -2 15 9 14 18 16 -13
-8 -10 -5 19 -3 -7 -19 11 -7 -6 0 1 19 12 -19 10 9 14 0 -4 16 -10 -1 2 -7 -1 -9 -8 4 1 -13 -1 12 7 7 -1 -4 17 4 -8 -4
-2 5 1 8 15 -4 7 -11 1 -2 4 -16 -5 1 15 0 9 16 -8 -16 -6 4 -1 -6 -18 16 11 -14 15 16 -12 19 -14 7 -10 -12 9 -9 -19 0 8
-17 -10 0 1 18 -4 5 -19 18 14 -1 -15 -16 1 2 2 -4 -6 -11 18 6 -5 18 12 18 -10 0 -11 -10 4 4 -3 19 -17 6 -7 3 -6 15 -2 -14
2 6 13 15 15 18 -1 9 -6 -13 15 2 -11 -10 14 -10 4 -7 -13 6 -7 -11 0 10 -3 -7 -11 14 10 -13 6 -15 -14 -6 -15 -10 -4 16 -8 20 -10
4 11 19 15 2 7 -11 17 15 20 -13 17 -19 -8 4 2 -5 -11 3 3 -4 -19 10 5 -9 7 -10 17 -13 -1 -19 -13 9 12 6 10 7 20 14 -2 -2
18 -8 9 -17 -20 1 -2 -1 -7 15 -4 13 -2 12 9 14 -2 -5 -4 11 2 16 11 -11 10 14 -3 -15 -13 -15 11 20 20 19 -14 5 -9 16 -11 5 -5
8 -11 12 -3 18 -11 20 17 18 17 -20 -5 10 -12 10 15 -6 -18 18 17 -6 13 5 -6 6 17 -11 -3 -15 16 3 15 -9 1 8 -10 -10 -1 3 -4 -5
10 -8 0 -16 -8 20 12 14 18 13 -9 -8 19 -19 17 -17 -14 16 5 6 16 20 -3 -13 -15 -18 -6 4 4 -9 20 13 -16 -3 18 19 -17 -19 -5 18 -14
-11 -1 -8 1 11 13 -16 9 9 -3 -1 -2 7 -8 -2 11 -20 12 -17 19 -10 -11 -6 -18 -20 -6 -19 6 -14 2 14 20 9 17 2 -9 -17 12 9 -7 -12
17 -11 -4 15 -7 -14 14 17 16 -20 13 -12 7 -4 11 0 8 -3 -8 0 -10 -20 -6 -14 -9 -17 -5 3 -19 4 -18 0 9 8 -3 14 -2 20 5 7 -2
-14 -11 15 13 -7 5 -16 1 18 -7 -3 4 0 -18 -20 -17 4 -15 10 9 -4 -7 5 -15 2 -4 -19 9 17 18 1 -8 -9 13 -10 -19 -4 6 1 20 -18
-3 20 -15 -4 3 14 20 -2 -14 -16 2 9 7 -13 2 -16 -18 -12 5 -13 -20 -1 18 14 16 -13 -5 -14 2 9 3 0 -9 8 -17 -9 17 12 4 -2 -14