37 41
-19 -11 2 19 -12 -16 -1 3 16 18 13 -6 5 16 0 10 14 -13 -17 8 -15 10 -10 3 20 -19 -11 1 -2 -4 1 -14 -16 3 3 -6 -15 -13 13 -18 12
0 20 6 -9 5 -18 -10 0 -10 -5 15 8 -12 -19 11 5 18 2 12 -18 -18 13 17 8 17 -13 -5 12 16 -6 13 14 14 17 16 19 -4 15 20 -8 -20
15 19 -5 11 -17 11 -17 -20 -15 -12 -10 -18 -3 -6 8 19 0 -7 -12 0 -4 -2 17 -11 -12 -10 9 16 -8 10 16 17 -19 -8 -6 -5 -15 -15 4 -9 15
4 4 6 -7 -10 18 2 -1 -1 -12 -14 -19 16 9 -1 -16 -19 1 16 -7 -13 0 5 -4 -14 -15 -6 -15 -10 -17 -3 -20 8 10 17 -6 -7 -2 -10 -10 -14
-9 8 -10 17 -6 -8 14 -10 9 19 15 5 16 12 -7 14 -11 20 -3 10 10 -3 -11 18 -1 -13 -11 -20 2 11 0 -9 5 -16 15 16 19 -6 5 -17 15
-12 -3 2 12 -8 -16 9 -6 -19 5 -14 2 -11 11 -9 -15 1 -13 0 6 18 -19 -4 -15 12 1 -11 15 -1 -16 -10 7 9 12 -20 -3 -11 7 1 -12 8
-17 -7 -7 -8 -8 1 -10 -12 14 -9 16 -3 -11 20 -15 19 -17 5 13 14 -18 -1 5 15 4 13 16 16 18 0 8 9 -8 -7 -14 2 -17 15 -3 19 7
19 3 -11 -7 2 19 2 6 -11 19 -1 9 -9 -8 1 13 0 -20 12 -14 -16 -15 2 15 -4 5 -2 -12 2 -7 5 20 -11 -17 -1 9 0 13 9 -19 8
13 -1 8 -4 -9 -17 8 -8 19 4 -4 -16 20 13 11 7 -18 -9 -4 -5 10 17 -14 15 2 -3 -10 5 5 -3 2 3 14 -1 -2 14 -11 8 6 8 5
-16 -2 5 -11 11 -8 5 -20 -20 13 20 -18 -7 2 9 -18 1 -6 7 6 3 -1 8 1 -18 13 -1 17 18 -19 -14 14 -2 -10 12 7 20 -16 -18 -12 -10
1 1 7 -5 -2 14 -9 -1 18 -14 -10 7 19 -12 0 -10 -10 -18 11 -15 -7 10 12 -14 -8 9 -1 13 18 -19 2 7 3 12 2 -20 6 -6 0 -3 -8
6 8 20 -3 -11 11 -20 20 8 -16 7 4 -3 -5 -19 -2 2 4 7 -11 -2 0 15 16 -19 -13 6 16 -2 4 10 -18 -11 11 7 16 2 5 -8 -7 11
1 -20 4 -16 -14 -8 -7 -6 10 16 17 11 4 -12 10 -18 -19 14 6 -11 0 11 -16 18 -4 -19 10 3 10 -3 -4 18 -2 -17 -14 11 -9 -2 -4 15 9
-15 10 9 1 0 5 15 -8 3 18 -1 -6 3 -3 -9 10 20 8 -9 -16 5 2 -20 12 14 -16 7 -19 18 3 -17 6 -10 -2 6 0 14 -11 -14 18 -15
14 -17 7 -7 -4 -1 -11 -2 -13 -7 -16 -6 -14 -8 1 -17 -13 -17 7 3 -2 -15 -17 -10 -11 9 -4 -9 -10 17 19 -18 -8 5 19 1 11 1 4 -18 12
14 12 2 -11 -16 4 9 11 5 20 19 9 6 -10 -4 11 -14 -20 12 -14 9 19 -17 -13 -16 -11 7 -5 -4 12 20 -4 15 6 9 -5 11 -8 -11 1 11
14 6 -9 11 0 -3 7 -4 17 17 -3 -20 11 -7 1 -16 -11 1 16 10 19 -11 9 -17 17 -10 3 -8 -9 15 -12 2 -13 -3 -17 2 -20 18 8 6 12
-1 11 6 -7 15 12 19 -18 0 -5 -3 -7 -10 18 -11 19 -16 -12 -1 17 2 -11 -17 6 -2 4 -11 13 6 3 -17 18 11 13 -7 -5 -17 6 1 14 15
-20 5 11 18 -7 -2 -8 -8 -4 -9 18 -13 15 13 2 -5 -8 1 20 -19 16 0 12 -18 19 -3 -5 7 17 17 -16 11 -8 -2 -15 1 -12 -11 0 -15 -2
-11 -12 8 -17 2 4 -2 8 9 8 -18 -19 1 9 -20 -6 -17 4 -6 -9 7 -16 14 -8 -14 20 9 1 3 19 -4 16 -16 6 -14 -7 -10 -11 -7 -3 17
-15 5 9 17 5 3 -2 -2 -2 -12 2 -15 7 13 -4 13 -2 14 -5 -9 1 -5 -12 0 -4 -5 14 20 -7 0 -4 9 1 4 -18 -12 19 6 -9 -10 -14
-1 -5 -18 3 -3 -13 -7 17 15 19 19 -17 14 -14 -14 -20 -9 11 -8 -3 20 -3 17 -8 6 -18 -20 16 -9 -14 -18 18 -8 -13 -10 19 -20 -20 -3 -20 10
20 -3 12 10 10 -18 1 1 13 20 10 -15 18 -17 7 7 12 -15 -8 20 4 1 12 -6 -11 -17 -5 -16 6 -8 19 3 -11 12 -13 -6 -7 15 -6 -7 -18
17 12 8 -14 5 3 -7 -2 3 -15 0 -4 -13 8 14 -20 1 0 7 -5 18 7 -16 -19 6 13 13 -14 -20 -4 8 6 -9 -10 11 9 -18 14 -7 -11 18
-2 17 -15 17 16 0 8 -6 11 -8 9 0 11 -13 -5 -20 6 15 -6 -20 7 14 -14 0 -19 -15 0 -5 19 -2 14 -10 -12 6 -18 0 -18 7 5 12 -3
-10 20 -7 20 3 -5 5 -2 -6 5 -11 1 2 20 -1 0 -13 -19 -2 3 -19 7 -12 -13 7 4 -10 11 12 17 20 14 7 -6 -7 11 1 5 -13 13 10
-14 -17 20 6 9 16 1 20 -1 14 17 3 0 -20 -18 10 3 10 -7 -7 13 -5 -14 6 -2 18 17 20 -5 -18 0 3 -12 16 -14 -10 -10 -7 9 18 15
5 20 -5 -9 -9 -3 5 3 -7 -2 -12 3 20 8 12 -12 7 0 11 4 -10 -6 13 12 -8 -6 7 13 1 -2 20 10 3 -14 3 18 12 20 12 19 2
20 14 -13 4 -1 -6 -9 -9 -20 -4 -19 -2 -14 7 9 18 -20 19 -8 9 -14 -8 12 20 -1 12 14 -10 2 -5 17 -6 16 -3 -5 -19 -9 -2 -13 -6 14
-19 4 -9 8 -4 -16 18 -8 -2 9 -18 -18 -17 -6 18 -7 -4 11 -9 -2 16 -6 -18 16 -17 12 -3 -20 12 -7 9 -3 20 -8 13 15 -3 3 -17 1 -3
-4 1 4 16 4 -8 8 -9 15 -4 6 -19 5 19 1 5 11 -8 -13 3 8 15 20 -1 -17 13 8 17 -1 13 6 8 19 13 10 -20 -18 -18 11 11 -14
7 6 16 -10 -8 -15 -10 -2 20 5 14 -10 1 -12 9 10 -6 1 -14 13 -7 3 6 -17 6 -20 -1 15 -3 17 -7 18 -9 4 15 -3 0 -13 10 -6 -16
8 19 15 15 14 -3 17 7 17 13 -11 -14 15 -6 -4 0 16 19 -15 -20 1 14 11 -1 -8 10 -19 7 7 -17 -10 0 -9 1 -6 -1 15 14 -6 -5 18
-10 9 -2 5 -2 -11 13 2 -8 -3 1 18 -3 -10 18 -6 8 0 -2 1 -1 17 -7 15 -16 -1 10 20 -6 0 19 2 -8 17 -17 18 -6 -19 16 -15 15
-13 -4 -1 7 -17 -6 -18 -2 8 -20 20 -17 -9 -3 -4 9 -16 15 -20 -4 17 12 -8 -11 7 19 10 -8 -2 13 13 -3 18 -10 -18 -20 -16 16 11 -12 -18
-10 2 13 5 3 -18 10 13 -18 2 -19 -9 14 -1 -8 -10 9 -15 -16 8 -19 -11 -15 -15 -3 -10 6 -1 9 1 7 8 11 14 -19 13 7 4 -6 -2 18
0 12 19 -4 20 1 -6 -1 -6 16 -3 -11 -9 18 -11 -3 -20 -7 -12 8 -10 -9 19 1 -17 -6 -9 -8 -10 13 6 9 -19 11 3 -13 12 1 -13 13 6