37 41
-8 -15 2 1 -2 -8 -19 10 2 7 -10 -19 -6 -1 8 4 -19 -5 0 -17 -9 -7 20 -19 -17 -20 18 -16 -20 -15 13 3 -16 8 14 -13 -14 12 -5 -3 -17
-1 -13 6 -1 4 1 -1 -5 6 -1 -7 15 -10 4 -13 -1 -20 14 18 11 3 2 9 -3 -16 -16 5 2 10 18 -1 -3 -19 10 -9 9 -3 -4 9 16 -5
-15 -15 18 -6 -7 -11 -20 -3 15 20 17 -11 2 9 2 -19 14 -19 8 14 14 18 -19 18 13 19 6 12 9 -13 5 14 11 8 -12 3 -3 12 -6 -8 -7
-20 4 5 -2 11 12 -18 -19 -12 20 5 13 13 -14 -6 -17 12 16 0 15 3 -14 6 -7 6 -15 -3 -5 -14 -4 -18 -10 -20 -16 17 -10 -5 14 -7 -8 -4
-7 -14 -6 -9 7 12 8 14 20 -4 -5 -8 -10 18 -4 -7 -3 -17 -12 -20 0 -8 12 1 -14 13 -18 0 14 2 10 -15 19 13 20 19 -9 6 -13 9 -5
-4 -9 2 -15 -1 12 0 6 -17 19 18 -4 -13 14 4 2 7 6 17 16 -9 -11 -8 -7 4 19 -15 -18 2 4 0 -5 -18 -12 -16 -13 -4 13 -10 -1 -14
11 -17 2 -15 11 -11 8 -9 -15 15 5 -2 8 0 12 -18 -8 -5 17 10 0 14 4 15 6 -3 13 -14 -19 13 -11 9 -8 7 -6 -17 -6 10 14 1 -20
-19 -15 -4 -18 2 11 -10 -19 -14 0 18 -1 20 -16 -2 -17 0 7 15 -7 8 -10 8 11 0 8 -12 8 19 -16 15 -16 5 -20 -16 -11 -1 15 9 11 19
2 19 16 1 15 -2 -6 -3 18 0 -19 -17 -19 -18 16 0 2 7 -3 -20 4 -17 -16 11 12 -3 -2 19 -11 18 -16 6 -19 13 -14 -9 -2 2 -3 -6 -17
-15 -2 -14 1 3 -11 -14 13 7 -8 -13 4 -3 1 -7 8 18 -19 -15 -3 5 0 9 18 1 5 8 -7 -19 -16 -9 -14 -18 -15 -10 12 14 5 -16 -20 5
18 -5 -3 -7 13 3 -12 13 17 -16 -13 -5 18 -17 5 -17 16 -9 9 0 -4 1 20 -10 -1 -7 15 -18 19 7 -8 2 11 3 -6 11 7 -10 -12 0 -14
-18 1 4 17 15 -9 17 -19 18 4 17 1 -15 -14 7 -20 -16 -15 1 -14 11 -6 -5 -17 16 16 -8 4 9 9 -16 14 -12 -11 -3 10 13 8 1 13 16
16 -16 -14 2 -15 13 -5 11 -19 9 20 -14 15 -9 4 -20 13 -13 -3 7 14 15 -13 -18 -19 -18 4 -8 7 -16 12 17 -15 0 -7 14 -1 -5 -10 20 -4
20 20 -20 -7 -14 -1 2 -17 -4 8 -15 1 18 -17 -5 -4 17 -3 -15 11 -12 -15 -5 -10 -15 19 11 -15 -12 0 4 -11 9 -5 -6 1 -11 -20 9 -3 10
9 5 5 19 8 -20 -11 8 -20 -20 6 0 14 17 13 -9 6 -17 -8 -20 -7 5 18 -13 15 -5 -3 -3 -9 5 -8 6 4 9 14 20 -7 -16 -2 4 3
-10 18 -4 9 15 -13 -17 -14 -5 20 13 -18 4 13 -8 3 6 9 -14 -18 18 9 -18 14 14 17 -1 -19 17 20 -12 -12 10 5 3 -18 -16 -20 9 -13 20
-16 5 -4 0 16 1 -17 5 18 -7 -11 15 17 -18 19 5 3 8 5 -15 6 7 13 -1 4 -17 2 2 -2 16 -16 17 6 -4 1 -17 15 -15 18 6 -9
-13 -1 -12 -18 -18 -20 4 8 -4 17 -19 7 10 -5 5 19 16 15 -1 -19 -10 -6 7 0 -12 6 -16 -10 -14 -12 -7 16 16 14 -6 -17 -5 -11 20 9 -17
12 8 13 -5 10 -4 5 -3 7 16 2 -7 -16 15 2 13 20 -4 -19 15 14 6 10 -4 -17 -9 6 -8 18 -3 -15 16 -1 18 -8 -2 19 -6 12 -12 -16
4 4 2 3 14 15 10 20 -17 -10 2 -3 -9 -2 -13 3 -2 11 -1 -4 -13 -8 19 -15 -18 16 -17 -3 -7 12 1 6 -20 2 -5 -15 18 -16 -2 -9 -9
14 -16 19 12 13 10 10 -4 -12 -10 -14 3 1 -3 -1 17 -9 0 9 5 6 20 -17 -11 7 19 1 2 14 -2 -13 2 -1 -20 -1 -17 -9 -7 -11 -20 -3
4 -1 -13 -20 7 20 7 16 -7 10 1 16 -19 -17 9 -16 14 7 -10 -1 -6 -12 -1 18 10 13 -10 -3 6 0 13 -12 -8 -11 -19 5 -15 10 -4 7 13
-11 14 -10 -2 0 0 -10 -1 -17 -15 7 -18 5 14 -15 -3 11 8 1 1 16 9 7 0 -3 -17 -14 -4 17 -7 -8 16 19 13 -17 4 20 -4 -18 12 1
-5 5 7 19 3 -2 -1 -13 -15 0 20 19 20 -10 -15 8 13 11 -5 -6 16 -3 10 -6 -18 -12 3 18 -10 -2 -19 -11 -14 -3 10 11 0 -2 -8 10 -16
-11 10 -4 -16 -7 -18 -4 11 -10 -18 15 -14 -13 14 10 -3 -8 15 -7 3 -19 10 12 -8 1 -12 15 -15 20 -13 -8 -9 -16 19 -18 2 1 -13 -17 -19 -4
15 -3 -10 -19 6 5 4 -8 -20 20 7 3 -2 3 12 4 -16 -2 -10 -12 -18 -3 -14 -17 -19 -14 -13 -19 -7 20 -17 -6 7 -6 -17 -14 -7 3 -2 -6 -5
2 -4 10 -12 11 2 10 2 -8 14 -17 -18 -15 -2 -7 19 13 -18 -2 -11 -3 -7 2 11 -19 -13 -3 20 5 -16 -20 10 -5 -6 -18 0 14 -15 -1 -12 9
19 -15 2 -3 9 -10 18 -20 12 -1 20 -19 -15 -20 -7 5 15 -10 12 -13 3 -12 -8 -20 -11 19 20 3 -9 -10 -3 -10 -15 -9 6 -8 -17 0 -7 11 0
-14 -9 14 5 11 -2 -5 4 6 4 6 -13 8 3 4 3 3 -18 7 5 20 -4 6 0 -5 -19 16 11 10 20 -16 -10 -20 8 -7 17 11 3 -7 3 -13
-8 -18 2 7 -5 -7 -11 4 -13 -9 6 -19 -9 -19 19 3 10 -14 -4 -18 19 6 -4 -16 8 -18 -14 -14 7 2 10 7 -13 14 -4 -6 -18 -19 -6 0 10
-18 13 -7 11 -6 -12 11 -14 7 1 -10 -11 -12 -14 -15 8 9 8 4 -16 -12 8 2 -8 -4 -16 -5 18 13 -12 18 8 1 17 -19 -11 14 1 -1 2 -9
13 9 0 9 -16 -17 13 -9 -18 -9 -4 -12 8 -19 -15 8 11 -6 11 -6 -3 12 12 -4 3 9 -6 -5 -5 -10 -13 5 6 -19 3 -13 4 4 20 3 10
4 -19 -1 -1 -7 1 15 -19 -4 -9 -9 1 -2 10 11 -12 -17 -16 -9 13 -19 -18 -2 12 15 -19 6 16 -6 -12 1 4 -7 -13 -4 -20 -1 12 -13 17 -3
-17 -8 -11 -1 -8 13 2 6 18 -1 -20 10 15 3 -18 -9 -12 -5 -16 -4 -6 17 -20 18 -12 -11 9 10 -19 -5 -19 4 13 19 -17 13 3 -8 -17 9 -1
4 12 9 15 -14 -16 -4 16 -5 12 -1 15 12 3 18 6 -4 10 -11 19 -19 -4 6 15 3 -18 13 8 10 4 19 -15 -9 7 8 -12 17 17 -11 -12 20
1 5 16 5 6 5 13 -3 11 13 11 20 13 -10 20 -19 -14 -15 1 -2 20 18 13 -16 -13 3 -4 -11 -13 12 -19 20 9 6 -19 -11 -8 -20 -11 7 19
-3 15 -3 8 -5 5 3 4 -2 -13 -5 -18 -16 14 6 19 9 10 11 16 16 -11 14 -19 4 -4 0 -11 -16 -1 9 -4 -4 -13 -6 -9 16 16 -3 16 20