37 41
8 -15 0 -18 19 8 19 -12 17 12 10 -20 -20 -7 -6 17 2 3 15 -19 -6 -16 18 -8 -1 -10 4 18 -2 -3 7 -9 -12 12 3 -11 16 -11 9 -15 7
9 1 16 0 -8 -1 20 5 -18 18 -14 11 0 -12 -5 1 -10 4 4 3 -12 -5 -9 -1 -20 -20 19 6 -15 -19 -8 18 -1 -6 0 4 5 13 2 -5 5
15 -5 12 7 -13 -14 -4 1 -3 -17 -18 -14 14 8 11 12 -8 -10 20 -3 -10 -12 12 -11 6 12 14 12 -12 -7 0 -7 -5 11 -20 -16 -4 15 20 -8 -17
13 -14 8 -18 19 19 2 -10 16 8 11 16 17 15 5 -16 -20 2 -17 -5 -10 4 3 6 -8 -1 -8 -1 9 15 7 20 0 15 0 -5 3 18 -1 -11 15
9 -3 11 -12 -14 -14 -19 -1 -12 1 -14 -16 19 -13 18 -14 20 10 -7 5 9 -5 -1 -19 -6 -13 -5 9 7 19 -9 14 -14 -10 6 7 -17 -17 -6 -19 -9
-13 -9 -16 18 -13 14 3 -10 -12 -2 -11 -8 -2 16 6 7 -19 20 -4 -19 3 -10 -18 4 -1 -4 -19 20 13 -14 2 -5 -5 0 0 9 7 9 1 -1 -3
-17 -8 5 -3 -12 17 -5 13 20 -14 12 -3 -12 -20 19 -17 -13 3 -17 -10 -6 14 -18 2 10 7 0 -14 -9 -1 12 -9 11 0 -7 10 6 18 -10 -4 3
11 -8 6 -18 -1 -1 -12 16 12 8 8 20 10 7 19 19 -8 -10 10 12 -13 3 14 17 -5 -12 0 -16 10 -19 7 7 14 -3 -15 2 11 -8 14 -13 20
3 9 -5 -15 3 -3 -19 -9 19 0 2 13 13 11 1 -12 7 14 -18 8 1 6 18 14 -20 -8 -17 -8 -17 -19 13 -7 5 -1 -5 -9 20 -16 4 -19 20
-18 15 -15 -15 -20 19 -13 -12 18 -3 -20 -16 -8 -20 16 14 4 11 19 -8 9 -18 -17 3 -14 -16 4 -18 -5 19 -15 -10 -3 5 16 10 15 -8 15 5 -14
9 -8 -3 6 -16 -9 -3 -13 3 14 15 -13 -10 6 14 -12 -19 16 18 -15 -1 -19 -16 14 2 -13 -6 5 9 -18 9 12 14 -13 15 3 -14 -16 -9 -5 -11
9 -6 10 -8 12 -19 -10 13 -4 18 -13 0 -12 0 -8 -8 -19 -19 6 -5 -10 -9 10 -5 19 13 12 6 11 -4 -3 -18 -10 7 11 19 3 15 -15 -12 -12
-7 -3 -5 -8 -1 1 9 -2 -13 14 11 -9 -7 19 -19 -7 7 -4 -18 -4 1 -11 13 -12 6 2 8 17 -14 10 -1 7 12 17 -2 -5 17 -1 -8 -12 -17
-9 -1 -1 -9 -11 5 -11 6 5 -7 19 12 -6 -12 -10 -18 6 -6 -3 13 13 -11 -13 -15 -10 -11 10 11 -6 -17 -2 16 -14 -19 -16 -1 15 -7 -10 6 19
-18 -20 1 3 -7 -5 13 10 8 -10 9 11 -19 -19 11 20 -6 9 12 2 -11 -10 -12 -1 6 -15 1 -7 -7 6 3 -19 4 -7 -20 -10 15 -14 -3 -11 2
12 4 11 -2 1 3 2 18 -20 -16 -5 -20 10 -20 7 2 -4 14 -12 -8 19 4 -7 -11 15 -17 -2 1 -4 18 9 4 7 5 -7 14 -18 -19 -7 13 13
-9 19 -12 -2 -3 1 20 2 16 19 -18 3 3 8 -16 17 -10 -20 8 8 -20 1 13 18 13 14 3 10 -14 16 -10 13 4 -1 -8 -13 -20 14 12 6 -1
-13 0 -7 19 16 3 3 10 5 14 -18 19 14 5 -18 -18 -19 10 5 -19 -18 -16 10 16 -3 14 14 1 -15 -19 -3 -3 13 6 16 -10 -4 1 -5 -2 -10
-8 7 9 20 19 19 2 -15 -17 19 -8 2 -16 7 5 6 8 18 7 12 -7 8 -10 -16 15 8 -18 -14 3 -19 16 -6 -5 -16 -6 15 2 19 18 -7 19
2 -20 -7 9 18 12 -16 -3 -17 4 0 -7 19 -2 -6 20 4 12 -2 -2 7 -11 -4 19 -7 12 -12 1 -15 -20 11 -3 10 -5 19 4 14 20 13 -16 -10
20 -14 18 8 17 19 -11 -2 -10 12 11 -10 -20 7 5 13 -20 14 -10 -1 -6 -10 16 6 18 -18 -13 16 -7 -20 -1 11 12 12 -18 -19 18 2 5 3 19
-12 4 -17 -2 -17 13 20 19 -3 14 -10 2 6 4 -18 5 -20 11 -9 -18 10 14 4 -5 -2 -1 17 -19 -7 -15 -13 0 -10 0 7 -10 -2 -1 -19 -17 -7
9 -1 -20 9 -14 -3 -12 -1 20 -12 8 20 -2 -16 -6 -20 -19 10 -9 13 -5 6 9 -10 -9 -13 -4 -13 -6 14 0 -8 2 -1 -10 -17 8 -18 0 -2 -12
-12 -4 20 0 -10 -6 -6 -6 6 -17 4 -13 -3 1 -15 -8 -14 9 18 -6 12 -2 7 -20 20 17 -5 -10 -2 -15 1 12 -20 7 0 16 -19 17 10 -9 -9
-9 6 12 4 16 0 -11 -7 -8 11 15 -4 -16 5 3 -13 -3 -7 -18 -12 12 14 -17 -19 -6 -3 8 7 8 -15 -4 -7 -5 5 -7 10 -3 -1 -11 -4 7
-11 8 -13 20 -7 -6 14 -18 -1 12 -8 13 -20 12 9 -10 0 -9 0 -11 -9 17 8 0 -17 -19 18 -12 13 0 7 -10 5 1 19 -1 19 -16 -17 9 -3
-17 10 -20 -17 -3 2 -11 3 -20 -6 -2 -15 3 11 0 -20 -19 -20 6 -11 0 -3 17 -12 -7 20 14 -18 -13 -4 -13 2 11 -18 -11 5 -10 3 19 -18 12
-2 16 -12 10 7 19 -2 20 10 16 -9 -7 -1 -18 -2 -12 14 -20 18 2 4 5 2 -5 6 -13 11 15 -15 -14 17 16 -17 -1 -20 -4 -2 5 16 1 13
-4 -12 -1 14 0 10 2 14 14 5 -9 20 3 -16 -16 -7 15 -19 -16 20 -19 -17 -15 -3 4 7 3 -10 7 12 -3 -17 -6 20 6 19 -17 -5 1 12 -3
-1 -14 10 3 -4 12 -2 -20 10 5 -18 12 9 11 1 9 -7 14 16 0 -6 -3 -14 -2 8 -9 -20 -10 2 -19 -6 -7 16 6 -18 -9 -1 -1 -1 -8 20
20 1 -11 8 -20 12 -1 2 11 -6 14 -5 10 0 17 14 17 7 18 2 12 -20 17 -6 6 -7 -14 0 1 1 -10 -4 7 14 -19 18 -18 -3 3 1 -3
-14 4 -1 7 15 19 3 17 8 -18 -8 14 17 -19 -6 -17 2 15 -10 -19 -19 5 -15 -7 -9 -17 -17 8 9 13 7 -16 14 1 8 -8 6 13 11 -18 16
11 6 -5 9 10 -1 6 -15 -3 -7 -5 -2 -4 18 -2 -13 3 5 -8 -8 -6 11 15 4 9 -12 15 -3 19 7 10 -2 -13 14 -11 8 3 14 4 -19 -2
-11 -16 16 16 -5 -17 11 5 1 -20 -10 8 -1 -7 3 -13 20 0 -2 -10 -18 -4 -15 8 -11 -1 -6 11 7 14 16 19 11 -18 -18 -3 18 -1 -14 12 9
10 4 -15 -10 -10 7 15 -2 2 17 7 -12 7 -15 -20 -14 11 10 4 -14 6 10 -1 -4 -15 -9 -15 11 -7 19 -15 -13 -8 -9 4 -14 4 -3 -8 -9 15
9 5 12 3 14 -4 7 -19 9 -13 16 -2 -9 6 -1 14 5 2 -13 4 1 17 9 -18 -8 -14 -4 -12 -14 -9 -8 11 17 -18 12 -20 16 11 -7 -16 -11
0 -20 4 7 -5 -20 14 -14 16 6 3 12 16 -11 2 -17 11 -9 17 19 -10 3 4 13 3 -19 -19 4 -20 14 14 -16 -11 -14 9 11 3 -7 -14 10 -13