37 41
19 -18 3 -12 -1 17 17 -12 -16 9 -14 -2 17 17 -18 -7 -2 7 15 -4 -4 -1 3 -6 18 8 -19 7 5 4 17 -10 10 -11 3 19 -3 8 8 20 -9
-18 3 -1 -15 14 1 -8 -13 -11 -10 8 -11 -7 6 15 9 -14 -1 -16 10 14 -7 -13 9 -14 20 -8 3 -7 -2 -15 -19 -16 6 10 -11 -7 -10 20 -5 6
0 20 15 20 -10 -14 -17 -14 17 -17 10 -3 17 -2 -14 -7 17 2 -5 14 1 -13 -6 -10 2 4 -8 16 14 -12 -14 8 -10 7 9 -16 -10 -11 9 -19 -6
2 0 7 -19 -18 -17 -6 18 5 -19 2 15 20 14 -14 -2 -1 -10 -10 6 3 -13 9 -8 1 0 2 -14 -16 -14 -12 12 12 3 -7 16 7 11 8 -13 1
3 3 18 18 -2 5 -14 -7 18 3 3 15 -14 -8 19 11 13 -8 12 7 18 -7 19 -19 -16 19 19 -16 -18 -2 17 13 11 7 -15 3 17 -13 -3 14 -5
-15 15 -16 5 17 7 9 -17 18 4 -18 15 -3 -8 1 -2 -17 -11 -3 -3 -1 -2 -6 -11 -9 -5 0 16 -19 4 -2 14 15 -15 14 13 -1 17 20 12 -20
10 -2 12 -11 7 -15 14 -1 -3 -5 -19 -17 -12 0 15 -17 -15 14 4 -13 18 18 12 9 9 6 -9 7 -16 2 -17 3 17 -8 4 16 -11 -5 3 -2 -3
4 -15 5 -9 19 4 -17 12 -13 15 -10 -1 -8 -17 -16 -12 18 9 19 5 -6 -2 -1 18 -18 -5 -18 -15 -14 -13 -18 -2 -16 13 -6 16 -20 -18 -1 -18 -14
15 2 -20 -8 17 4 -5 -3 17 3 -12 -19 -12 -18 17 13 -1 10 -14 -14 5 -11 4 16 -19 1 1 -3 12 15 8 11 10 -1 4 -16 -3 -7 0 3 -10
-16 7 13 -6 -7 -16 17 0 11 17 -3 -7 -16 16 -17 -1 5 5 -19 -10 -1 10 8 6 -19 -11 -12 14 3 11 -5 -10 9 -2 -1 -18 -2 -2 -20 -16 2
-14 -14 17 -19 -17 20 11 -20 -9 -2 2 -5 7 -8 -1 -18 -14 -15 -13 -6 -12 -16 -2 19 -16 -17 -19 14 18 17 -9 3 -10 -13 -9 1 -20 -12 -15 13 14
-11 -18 11 16 8 -8 -7 3 13 14 13 -13 14 4 -18 -4 -6 -18 7 -3 1 11 -10 -7 -7 -16 -15 19 -5 -6 -5 12 4 7 10 7 -18 -16 -17 5 17
5 -13 -12 -6 20 10 -4 -12 1 -9 -14 -16 2 -15 -6 3 -11 -4 14 11 -20 -8 5 -20 14 16 -3 13 -11 -12 13 17 -2 -12 -3 1 13 -12 17 -8 -19
18 -16 12 -16 -18 9 3 8 -9 -19 8 14 13 -8 6 -9 -9 20 1 -16 -12 -8 -7 -18 13 -3 11 19 16 -1 2 4 -14 8 1 -15 15 5 0 11 17
16 8 -12 -7 10 -17 5 -17 1 2 6 -9 1 -10 9 -18 7 -1 2 17 6 -9 10 13 -19 -15 -4 4 -7 7 -7 -12 -6 19 4 8 7 -9 -15 -7 -6
-20 0 -17 14 5 -15 12 16 3 -5 5 -12 11 -3 5 14 -8 -8 -6 -8 2 13 15 -19 20 15 9 -19 10 -6 -14 -20 -5 3 -11 -3 20 20 9 12 16
0 -14 -16 16 -6 -8 -12 3 -12 -20 10 17 -19 19 -1 8 -14 2 10 3 -1 -20 16 4 -13 8 11 1 9 -20 -3 19 12 18 -2 12 8 -9 1 11 19
-17 1 -15 2 -5 10 -7 -16 3 11 19 5 -16 -7 -19 16 -13 -6 -10 -3 -15 -4 20 -19 15 13 6 5 12 -8 -19 -2 -3 20 3 -7 18 4 2 -19 -2
14 -10 20 19 -4 -11 10 7 -17 15 -17 17 18 8 -10 10 0 16 -3 -6 1 8 -14 4 3 -3 9 -15 -7 7 -20 3 8 -16 -3 11 -2 18 2 16 12
10 20 -3 4 16 -15 16 17 -11 -2 -1 7 -3 18 8 -20 -12 7 8 -3 17 20 13 9 -19 15 -2 -13 -4 0 16 -8 -18 -8 -6 -8 9 -14 1 -1 -1
-17 20 -15 -1 -9 -7 7 -13 -5 15 15 4 -15 12 -3 16 -20 -19 -18 -19 5 -14 -7 3 -10 -2 -6 6 6 9 -19 2 1 -3 15 -18 -9 -7 6 9 -1
-4 -18 -9 -1 -5 20 -11 17 3 -8 -6 -7 1 7 -9 -13 16 0 -17 -8 -19 -5 -3 16 -8 -14 10 4 11 -7 -8 -12 2 -16 17 2 10 19 16 18 2
10 5 18 18 4 -10 -7 -20 -20 3 -2 -5 1 -12 16 13 13 12 9 7 -12 -17 12 -5 0 4 -1 -14 -18 -4 -15 -8 0 -7 10 -9 19 -4 8 9 1
-13 2 -16 -2 5 -18 -3 -2 -3 0 10 -18 18 -7 7 -6 17 5 20 -2 19 2 15 -9 7 17 -18 19 3 -10 -15 1 3 7 -8 -10 7 -4 -11 17 14
-17 0 13 15 14 -11 -5 18 12 14 6 -2 8 19 -10 1 -14 -4 -12 -15 13 4 -3 -4 6 10 -10 1 -8 -11 8 -16 -17 6 3 2 -6 16 -14 -9 13
9 -17 19 11 3 20 18 2 1 -18 3 -12 -14 10 -14 20 19 9 -3 -5 -17 -14 13 9 -14 -3 -5 11 -6 9 12 -14 -16 16 12 -12 -1 -7 8 12 4
-12 6 13 7 -13 -17 -9 -7 -7 6 -3 -3 -17 -18 19 12 -13 -8 -14 -3 -12 2 14 -2 11 15 16 -15 12 -15 -12 0 -3 6 -6 -12 -2 -4 -3 -2 8
15 -11 -4 -11 -11 -5 17 20 -2 16 -11 20 16 -2 -7 -15 7 2 1 3 1 6 -13 -6 -17 3 9 3 4 12 13 8 -12 2 -7 7 -14 10 -14 -1 12
2 -9 18 -10 4 -15 -4 -3 -16 1 0 7 -11 9 -9 -18 12 19 -10 -8 -7 -6 -3 6 -7 1 1 -7 -16 4 20 3 1 -11 1 -14 -17 14 -9 19 -4
4 -19 9 -3 -17 11 4 10 -5 4 13 18 -5 -18 5 17 0 4 -10 3 -18 -10 11 -9 0 3 -5 -5 5 17 0 5 -3 15 -20 5 8 -14 11 8 12
15 -9 6 8 17 -9 -18 13 -7 -8 -18 -17 -13 0 3 -4 0 -5 12 11 5 8 -20 -10 -11 -15 10 -13 15 18 17 14 -12 13 6 0 17 8 1 -20 18
4 16 -19 -10 -13 -4 13 0 -1 11 16 11 8 14 5 13 -11 17 13 -15 4 10 -11 -20 6 -5 -14 -2 8 -8 7 5 15 0 -17 13 -10 -4 -1 13 17
18 -14 -19 -5 5 -20 -14 -20 11 3 18 7 6 2 -12 1 20 5 -19 11 -17 10 2 -2 19 -20 -20 4 1 -7 -3 14 5 17 11 -4 -18 10 -14 1 4
1 0 17 -5 -10 14 8 8 -7 -19 9 3 0 1 -14 2 11 5 10 12 14 10 12 0 -14 -15 9 -1 -20 -16 5 -15 16 20 5 17 -16 -6 11 3 17
-4 8 11 -3 -20 4 15 -5 -15 6 -9 -17 14 0 8 -11 9 -10 13 -13 -1 15 -13 2 -11 1 -13 -18 12 20 -13 -18 16 5 -3 20 15 6 -19 4 -14
14 3 16 17 -12 9 0 0 17 -15 6 18 -1 19 11 15 4 18 5 -14 -19 15 13 1 6 -15 9 4 -4 -20 7 -3 9 -9 0 3 9 -2 -2 14 7
18 -9 7 15 12 14 -18 6 14 -12 20 -7 2 -4 16 -19 -12 -15 8 18 -20 -16 -11 -1 -12 -17 0 -5 -1 12 5 17 -4 -15 -9 6 18 2 -17 -6 8