37 41
-15 -18 1 -11 2 15 18 19 -3 -16 -11 10 1 -9 2 -9 10 16 -4 15 14 5 -6 -13 12 -19 -7 12 -2 -8 14 16 -19 -3 12 14 2 -12 -7 14 -13
12 -3 13 -8 -20 -5 17 -6 10 18 -9 -6 3 12 -4 14 -2 -20 20 -10 -18 18 6 -13 0 0 -8 -15 -12 -17 -2 -18 3 3 -12 -15 -5 17 17 -18 20
-16 14 9 8 14 9 -10 -2 -1 -1 0 18 1 -6 -9 -2 18 -1 -5 17 2 2 17 -12 6 -14 -4 16 8 3 -3 18 -16 -19 16 4 13 15 2 -14 -13
0 18 -16 16 -14 19 16 -15 10 16 -9 12 14 17 0 13 19 -10 19 12 -19 1 5 0 -10 16 3 9 -1 -11 2 17 -18 14 -2 20 20 -12 -1 9 12
-3 -17 -3 -1 0 2 -14 15 -11 -14 7 14 -16 -15 11 -6 -18 -11 -20 -17 -13 10 -20 -6 -17 3 17 5 -19 -11 -11 10 9 -7 -11 -13 19 -17 13 13 -5
12 -13 20 -1 6 -19 -6 16 -10 4 -20 0 20 -15 -19 -9 -14 17 17 4 8 18 -12 -15 -4 11 6 -7 -13 14 -13 12 -9 -3 14 8 -7 -8 0 -1 7
-17 11 20 0 -2 -12 14 2 -10 3 -6 -16 -18 2 -15 17 8 14 1 4 6 3 14 11 0 -2 -4 12 -7 -20 -11 -5 7 12 0 4 -4 -3 5 -4 1
2 -17 19 -17 -6 16 14 11 5 -16 -4 4 18 15 9 18 -6 8 -11 -1 6 9 -10 -5 7 -9 8 1 -14 15 -4 -16 2 -16 -2 -3 11 16 -13 13 -11
5 0 -3 -10 -19 1 5 6 17 10 2 1 16 9 11 -8 8 10 10 19 4 -1 18 19 -10 1 4 13 -15 -7 11 -8 -10 17 8 18 17 -13 19 12 -18
4 -18 -8 10 -11 -12 19 12 19 20 1 -5 3 -10 -13 15 0 -19 12 5 -14 5 19 12 6 -15 5 -5 -18 -17 6 19 6 8 3 3 2 4 -1 -11 9
-16 -15 -15 -2 -3 -13 6 4 16 12 6 -9 17 -18 1 20 -13 17 6 -13 -7 1 -8 -2 -16 14 -8 -4 8 19 13 6 10 2 11 12 -19 -14 -3 -4 19
-1 18 11 -15 -5 8 -20 1 -18 -12 4 -16 -8 -19 20 11 1 6 13 -12 3 -13 13 16 -19 15 18 -20 -7 20 10 -18 -10 -16 -16 -2 -18 -6 -12 15 8
15 20 -16 16 9 -13 13 -7 14 -20 -10 -3 -7 -7 9 7 -3 -4 -7 20 18 20 14 -2 -14 -7 -18 -9 -17 -11 -1 17 -7 12 -19 14 -2 4 -11 9 -4
-4 -8 -16 -6 20 8 -19 6 -18 16 8 7 3 -11 3 -1 14 -20 -1 5 16 10 -8 20 17 7 8 18 12 -1 20 -18 8 -9 -3 -6 0 -19 19 17 -3
-9 8 9 8 4 -16 -15 -8 2 10 18 2 1 -3 -8 -19 -20 8 14 2 -3 -20 0 -7 -5 16 4 -13 -2 6 -5 17 13 -16 -2 2 -2 12 -14 -14 11
17 18 -17 -4 7 3 17 1 1 -20 13 -18 3 6 6 -12 3 16 -10 -15 0 0 2 7 10 4 20 8 -1 20 -13 -18 10 -8 18 1 -10 -16 -5 9 7
5 19 18 -3 0 19 -12 3 -17 4 1 -9 -13 11 7 16 -8 13 20 13 0 -16 6 2 -11 1 -3 16 5 16 -12 20 1 -2 -12 -1 16 -3 18 8 16
19 -10 10 2 -19 9 -13 7 -18 2 -2 -1 -20 15 16 -13 20 -6 -14 -17 -15 7 -5 -7 5 14 9 13 11 -1 3 18 11 6 2 14 -5 -4 -9 11 -4
-5 -10 14 -11 -8 16 -3 19 -17 16 -15 -18 0 -10 12 -8 10 -2 -15 -20 -1 17 -10 -20 -8 17 -4 12 4 20 17 -20 -9 -11 18 12 5 -4 -18 -8 2
-6 0 -7 5 -17 -11 16 -7 -12 6 17 -2 -17 17 -20 -13 13 -20 17 -9 -7 12 -18 -16 14 -2 0 -11 -4 -2 0 -19 4 4 8 -12 5 18 -11 12 -16
15 4 12 -10 -16 1 2 4 -16 7 -12 0 -12 17 10 -10 7 -16 -6 -10 18 -5 -2 15 3 -20 2 -8 3 0 12 15 -17 -15 20 -20 14 -18 -12 2 11
-15 2 6 -18 0 6 18 -16 4 6 -3 1 -12 20 5 3 -1 -7 -11 17 3 18 -14 13 11 16 -12 -4 -4 1 -18 4 -16 9 9 -7 -18 16 -7 19 1
-11 -5 -20 8 -6 0 -5 -10 13 -19 -12 15 -18 -6 12 -8 -19 -12 4 -6 13 -10 3 14 2 13 13 4 -10 -20 17 -18 20 1 -14 8 -17 1 -13 -8 -15
-7 -3 -18 -7 18 7 -5 6 10 19 -8 6 -12 1 -3 11 13 -11 11 -4 7 -3 -18 9 -9 -19 11 -7 -9 1 16 -1 -12 -12 9 -6 -9 -5 14 -2 -12
-20 8 16 6 -6 -11 2 9 16 -18 19 9 17 10 19 10 10 -7 4 9 -10 7 5 12 -15 20 1 -6 -20 16 19 15 -2 -2 15 10 4 6 -17 -20 -17
19 -3 -13 20 -8 -3 -17 -20 1 -19 15 19 15 -14 -14 -14 -1 -12 5 -13 -10 -9 -19 19 0 -12 -5 -16 -19 -13 -17 -12 -18 0 17 -13 2 14 13 -5 -18
20 -2 18 -12 -18 -18 0 6 -10 -9 -9 -15 6 13 -3 13 4 -15 7 8 -19 -3 -7 -6 -9 -19 -12 15 -17 3 3 -13 -10 -17 -13 1 -8 4 5 -8 19
-12 -16 -7 1 -15 -5 -5 -16 2 -11 2 15 0 12 3 -20 -5 0 -1 6 -1 -14 9 -12 17 15 13 14 4 -15 -12 -14 16 11 20 -2 -15 -15 19 12 9
-11 -10 -15 -3 8 -20 10 19 13 -13 2 2 7 -17 -19 14 18 4 5 6 4 -18 15 12 -7 -7 -19 7 10 10 2 20 5 -18 20 -19 7 8 13 -19 19
2 5 14 -5 -19 12 -20 -19 -9 4 -16 -14 15 17 14 3 -15 3 13 -19 -14 -7 16 3 10 -3 5 -10 -9 -2 -8 17 11 -15 -8 13 10 1 -8 17 -10
-15 19 -20 14 2 7 -11 13 -13 -2 -18 -17 1 1 -2 -6 -2 1 4 11 12 -19 13 -10 17 17 8 -8 -15 19 13 1 -8 -5 2 -5 11 -16 -20 -5 0
0 -18 -17 -15 -20 0 12 20 14 -3 1 -12 -18 1 14 9 -10 0 3 -18 -6 16 -3 12 -16 -7 1 5 -10 -19 18 15 20 1 13 7 -11 -11 4 -11 0
-15 -9 1 -15 16 9 1 3 10 -13 15 5 11 -7 0 -4 14 -15 13 -14 -4 -16 5 -17 -12 13 -10 -11 17 -11 0 16 14 -20 11 -14 13 14 -16 -19 1
15 -20 16 -10 20 -10 7 2 7 8 -13 -2 -16 9 -2 -13 -18 -5 17 -5 10 17 -2 7 7 15 20 -17 5 6 -13 -1 19 16 13 4 -14 -7 -2 -8 0
6 6 -19 12 -10 -1 -3 16 13 -1 19 -8 -12 -3 -6 1 -10 15 -18 -4 -4 18 14 2 -7 -1 2 -17 -4 1 -18 11 -15 17 -17 -5 -13 -3 -3 10 -11
-11 9 -4 -9 8 -20 -8 -16 12 6 -12 15 20 1 -5 5 13 1 -12 0 1 -19 -1 11 -15 9 3 6 -20 10 20 -16 -10 -12 -11 11 -9 -1 -3 4 11
1 18 5 -6 10 3 -12 9 17 -6 16 -16 -3 7 4 11 -9 -8 -8 8 3 17 -12 -4 17 -16 17 3 9 -5 -11 -8 9 -7 0 14 -18 0 16 -2 -16