37 41
-5 -12 18 -19 18 -2 -4 -10 1 -20 9 3 -4 14 -20 -15 5 9 9 13 12 -3 12 9 3 -5 -12 -18 11 -18 -7 20 10 -5 0 -4 -18 15 -9 -17 -19
18 3 12 -19 -14 -3 -8 0 -13 -10 4 -3 -6 20 -7 5 9 2 9 -9 -9 -3 -3 -4 -12 14 0 -17 -16 -15 10 -9 19 5 17 13 -16 2 8 -5 11
19 -6 -15 -3 -13 13 -9 -7 3 10 9 0 -17 -1 16 13 -13 3 13 16 1 -20 -17 -12 15 -5 16 -7 5 -15 18 -7 3 11 -13 -2 20 -11 -13 10 20
-1 3 -14 -7 -5 14 -18 -16 8 -20 18 -3 19 -14 -12 1 7 16 2 15 15 5 -13 -3 -18 -2 4 -4 -9 5 9 5 -12 -5 9 7 -19 10 19 -2 -7
19 3 0 1 -19 -19 18 1 -6 -10 -11 1 -5 13 -19 15 5 9 7 -13 18 16 17 -8 11 6 2 19 10 -12 -4 -18 7 -16 -13 -10 11 8 4 11 -9
14 9 -19 7 -8 -2 17 -6 -5 19 7 5 13 -15 10 -5 -5 1 -10 15 3 6 -11 12 3 -7 -12 -16 -2 -17 -8 2 -7 -15 4 3 -14 7 -15 16 -1
-13 -6 -11 9 -13 -6 -3 18 -14 -5 -3 -17 -19 -4 4 0 -16 8 10 1 13 5 -15 -9 3 20 -8 -2 0 16 -18 20 13 10 11 15 8 -5 -16 1 3
10 3 6 -13 15 7 -20 19 -13 -13 -15 -15 -16 10 14 17 -1 -5 -12 16 -8 14 0 -5 -17 9 16 11 5 -20 -16 7 -1 13 17 6 -19 4 16 -19 8
-15 -15 15 11 -1 -12 1 -17 16 -9 -5 -13 -6 -15 -8 12 0 6 -20 -19 -4 -6 13 -11 7 -8 2 -12 10 1 2 -2 3 0 -6 1 2 -9 -11 -18 -4
-14 -3 17 3 -4 8 -20 10 12 -16 13 -2 1 19 -14 -9 -7 13 -16 9 -16 18 4 -2 -17 -4 0 -20 16 11 6 4 -1 3 5 9 1 -12 -19 15 8
-14 6 11 -17 3 -10 20 1 7 1 -4 16 1 7 -19 1 -10 14 15 19 -14 19 4 2 16 14 15 -19 5 0 0 3 -10 -10 7 -5 5 4 -7 0 -6
-13 17 -10 -2 -20 -20 -12 -18 1 10 -3 -16 -20 -18 -16 -1 -16 12 -16 -9 -9 15 -2 -8 -10 -17 -10 -14 15 2 8 2 1 -19 -3 -10 18 -4 -11 6 2
-2 -17 -16 -15 10 -14 5 -12 18 0 -8 4 15 16 12 11 -4 19 2 16 -5 -12 -8 10 -9 1 -18 4 -8 14 4 -8 14 -20 -15 -6 9 -17 19 18 4
2 13 10 10 -6 5 4 20 19 -3 18 -14 -5 7 -9 11 16 16 12 13 -13 -14 -2 -18 9 4 -16 3 9 -20 8 16 -12 6 -6 -17 6 11 -17 13 -17
-13 2 -20 -12 10 -14 -16 -10 -4 -8 -13 6 -19 -10 -14 -13 -13 14 17 7 -17 -16 16 14 -1 4 18 -11 0 15 7 -12 -5 0 4 -14 14 14 -18 4 0
-15 0 4 10 -6 -20 -6 5 11 -11 -20 12 10 -3 -5 -1 -13 -16 18 -9 7 7 -6 -1 14 13 7 7 -16 14 5 13 4 -11 19 -6 -1 -9 10 10 -10
-5 5 -10 -9 -5 -6 -16 -1 8 10 8 -2 4 -4 -18 3 -6 -5 -19 -19 3 6 -19 -2 -12 18 3 18 -14 -7 -18 -12 6 -4 -2 16 -11 -10 -9 13 -8
18 16 14 4 -2 -11 -8 -18 17 10 -3 1 -9 -9 -13 -8 14 20 -20 -3 -4 11 15 19 -1 10 -14 4 16 8 -13 -15 7 -7 -8 5 17 4 7 8 1
-13 -8 -5 -3 10 3 4 5 -10 -6 3 14 4 -18 -19 -11 -5 11 -3 2 -9 5 4 5 1 -15 -11 12 0 15 20 -9 13 15 0 -12 -17 3 -7 17 20
0 -4 -2 18 15 14 7 -14 -17 -16 11 16 15 -4 -15 -13 -1 19 7 7 -5 -8 -12 -19 -2 13 20 -14 9 -15 -17 20 11 8 0 20 -17 -19 16 12 5
4 -3 -1 18 16 15 9 -7 17 20 16 -15 -8 -11 17 -13 13 -14 -4 -6 -2 1 -15 -8 19 10 -5 6 5 -14 0 -9 6 -17 -13 -19 -3 -13 -5 -17 -14
-12 -13 -5 17 16 5 -10 15 15 -9 -14 20 -12 2 18 0 -2 16 6 -20 -5 -14 18 -8 1 20 -7 -8 15 -1 -5 3 -18 -18 -12 11 12 -4 19 -1 10
14 19 -18 -13 -15 -8 -1 3 9 16 5 -16 -15 -16 12 -5 -9 4 15 13 -17 1 -18 -10 6 5 -2 12 2 18 16 5 19 7 -6 2 12 6 -13 -6 -14
13 11 -3 17 -4 -13 16 -1 -3 -17 -19 -7 10 -10 6 -18 13 1 12 11 -20 9 3 5 0 -20 -12 -17 -2 20 -2 -20 -5 4 -12 -15 -3 -5 11 13 20
12 -3 -1 -20 12 -20 -18 -16 -8 -18 9 12 15 15 11 2 9 3 16 -10 4 -7 12 5 17 1 9 3 -7 -17 13 -6 -1 15 -3 15 6 17 11 -5 18
16 12 0 13 5 9 -3 6 -10 8 6 13 -16 20 -5 0 11 -16 12 -11 -20 19 3 -10 -2 16 -4 -12 1 -10 -4 -20 -13 8 -7 -14 16 6 -16 -18 12
-3 0 -11 16 -2 13 16 18 -1 -9 19 3 10 13 -2 -18 -5 9 17 2 7 12 -6 1 -16 -12 11 -13 16 1 -9 16 14 -2 14 -7 -11 -1 -8 13 11
-18 -4 5 4 14 8 17 20 -19 8 7 19 -13 20 6 10 -14 12 -15 -10 -9 0 14 3 -16 6 12 18 8 18 -13 1 -19 -4 -14 -19 14 19 -9 9 -16
-7 -3 20 18 5 20 16 2 -3 2 1 6 -8 14 -18 3 -1 18 -7 -2 -18 -16 -15 -3 7 9 -10 -18 9 -3 16 -7 19 -9 -1 -7 4 11 12 -1 6
-15 4 11 17 4 -14 -19 -6 -7 -15 -7 19 19 -5 -7 0 17 -5 9 18 -11 14 -1 17 19 18 -7 -5 -7 -19 -5 7 14 -6 13 4 1 -17 14 12 -20
17 -3 -5 -20 9 2 -13 -8 -7 0 20 2 -3 -13 7 -7 -3 9 13 -2 18 9 6 20 -4 4 -16 -15 -4 -9 3 13 -9 4 -2 -19 5 11 13 15 13
-3 -3 -7 -3 -17 10 -6 -1 -10 -19 -10 17 5 2 -17 -4 -14 3 -17 8 7 -4 3 -12 -2 -9 -15 20 -2 18 -13 17 -12 6 -15 6 6 19 11 11 11
-4 0 -9 -11 -2 15 2 15 4 -15 16 -17 -15 -14 11 14 18 -1 -19 -3 -16 10 5 4 5 1 -10 15 3 -15 12 8 -12 9 5 16 -20 15 -5 -3 -2
14 -8 16 -3 -20 20 -3 -4 -9 -12 -20 -16 17 -15 7 8 -20 -20 8 -16 6 -5 2 -17 -6 3 19 12 -3 20 -7 20 4 -18 15 -17 -19 -8 -9 1 -6
1 18 -13 -18 3 15 -3 -8 12 -12 20 -5 7 -12 17 17 19 4 6 -5 -7 -13 3 -20 -12 9 -12 17 20 14 17 -1 14 -2 19 -13 -5 9 -9 18 -18
-19 6 -16 -2 3 19 4 -17 -3 -12 -2 -13 -1 -2 5 -14 -6 -9 13 8 0 1 -9 14 3 4 9 8 8 16 -8 20 13 -3 -17 15 -18 -7 14 13 -10
16 -20 1 -16 10 -12 -20 1 20 18 4 -9 5 9 18 19 10 -13 -17 -10 9 12 -20 15 12 -15 17 -4 -15 -16 -2 5 -17 17 -6 -20 -17 -13 -14 7 0