37 41
-6 18 -20 -16 -4 -19 -7 -17 9 4 2 -15 6 3 -3 4 -3 19 -19 16 -19 -13 16 3 12 -19 -19 19 -2 -16 0 -13 -2 -8 -13 14 -10 10 14 -1 -3
-1 14 -15 -8 18 3 -19 12 -12 -1 18 2 2 -11 6 -16 1 19 17 -2 9 7 15 11 18 -20 -1 -2 12 11 1 -7 12 -13 13 -2 -10 -12 4 -12 10
3 -1 -16 7 -13 14 -8 -6 8 -2 -15 -5 9 -15 -18 5 14 9 -4 -15 -8 -13 -8 -15 -5 7 18 -3 -5 -17 11 9 7 -10 20 -3 10 12 -5 12 -17
-13 -15 14 0 -2 14 10 -1 1 -3 -9 -7 5 12 8 -16 -7 6 6 7 -2 -16 15 -1 19 19 -7 3 5 -12 -5 -5 4 -19 -9 13 5 9 -5 4 4
13 18 2 -20 -3 7 15 1 -19 -8 13 -18 12 3 11 9 -11 -8 -11 0 -13 -15 -8 -19 -2 16 4 -10 -13 15 6 -20 15 -9 5 -12 4 5 -7 -4 -3
0 -17 14 -8 -7 -7 -3 19 5 16 -17 -3 13 -19 8 -3 10 14 10 19 -19 -11 -11 -10 16 -18 20 -5 15 19 -19 -5 4 15 -14 11 -20 -20 8 -20 10
4 0 -20 14 -5 8 1 -8 -20 -18 3 11 19 12 -4 13 -19 -14 -10 1 -5 15 -8 -13 3 1 17 -7 2 6 -2 13 -4 19 -13 -1 14 -11 13 -10 -14
3 -5 16 7 -19 -14 -20 13 8 -2 -8 6 12 -11 8 16 -5 -18 11 -19 18 5 1 -10 -18 20 18 -1 5 16 13 1 11 17 8 11 9 2 5 6 7
3 9 -14 2 17 16 17 12 5 16 13 -5 16 14 -17 0 -12 5 6 3 -19 -4 1 -7 -10 -13 15 19 -17 -10 -15 3 -17 -3 -11 -15 -7 5 -12 -14 6
-16 -9 -14 -12 16 -13 1 5 -16 -12 -3 14 18 14 8 -16 9 -3 11 -3 -2 0 0 7 8 16 10 -1 -19 10 9 2 -20 -19 -19 6 18 -5 0 -5 -7
3 17 4 -12 -15 -11 10 3 -19 -8 10 3 -20 16 -2 -16 -18 8 20 -19 -16 5 -2 15 2 -1 -4 -11 15 -1 18 14 -19 16 6 -12 -3 -12 11 18 -2
-8 15 19 -11 8 -4 7 -6 -18 0 -11 19 -17 -16 16 11 -6 11 -5 3 -16 12 20 -17 -14 -16 18 19 11 10 10 -2 8 4 -3 10 -5 4 15 -14 15
9 -14 -12 -16 7 18 -17 7 8 13 -6 6 -11 13 -10 -9 -14 -5 4 -14 -14 -15 -8 13 12 4 -1 -10 19 15 13 -12 15 -3 16 -4 -20 18 10 3 -7
-19 10 -1 -15 -10 0 2 4 -15 -14 -16 -2 -15 -16 -15 -9 -5 6 11 -5 15 -7 6 1 -9 5 16 -6 -18 8 -11 -20 1 -6 15 9 18 19 2 -17 -15
20 5 -15 11 19 1 -14 1 -14 -14 3 -1 -4 7 3 -14 -3 11 -8 -17 1 11 -18 14 -16 17 -11 -2 17 -11 -16 13 -1 -7 -1 8 4 -16 12 -10 -14
-16 19 -6 6 18 2 5 17 11 -13 14 5 6 10 -1 1 2 19 -8 8 -6 0 -20 3 0 11 3 18 5 -5 9 -11 18 -8 10 -18 0 -18 19 19 0
-12 5 17 14 18 19 2 -11 -4 -4 -8 6 18 14 2 7 6 4 -10 -19 14 -3 -11 1 -13 -16 20 14 -19 17 -5 13 0 -19 12 7 8 4 9 -5 19
-1 11 2 8 -1 12 18 -18 1 5 -2 6 -14 15 -14 4 -3 16 -18 -2 -12 -10 9 11 -1 -19 -15 18 3 14 13 -4 -3 6 -12 2 -10 -2 -12 -19 -10
13 -11 14 10 9 2 5 -15 2 -1 -8 -10 -4 20 -5 -11 -15 -7 16 2 -17 11 4 2 11 -8 -3 19 7 -14 -7 7 0 -11 5 -2 -15 2 5 6 -3
10 -5 0 -12 17 20 18 5 8 -14 8 8 -16 -19 8 6 1 16 -4 11 2 -9 -3 -4 8 17 -6 14 -1 -1 18 -11 17 7 14 -19 9 5 9 -5 17
-1 -6 13 15 4 3 -12 -16 -16 -15 20 9 5 -2 18 -7 -6 -16 16 16 14 0 4 -17 19 18 8 -16 11 9 20 -11 -2 -13 -7 2 6 -4 13 -14 10
-8 20 -18 4 3 11 14 -2 -10 4 3 11 -2 -15 1 -15 15 -10 19 7 8 13 -19 7 3 8 -11 -11 -15 2 11 -12 6 10 -10 9 -2 -19 -14 14 -17
7 11 6 17 -16 2 17 4 11 19 -2 -20 -7 -18 -7 17 -11 -11 20 13 -11 10 10 -4 7 -18 12 -9 8 -19 9 2 -13 -3 7 17 -12 -14 -14 7 -15
13 18 3 -6 -18 -2 -10 13 16 7 -5 -13 -1 12 -4 -4 0 7 7 15 2 1 -4 9 -19 -2 11 -15 11 4 13 16 -4 0 -12 15 -1 -13 -7 11 -12
6 0 -5 -8 15 -13 -14 -11 -9 17 19 18 2 7 -2 -15 -18 4 -2 0 -4 9 0 9 -19 18 12 -18 4 -14 20 -6 5 0 7 2 0 -6 15 -2 13
17 4 -5 5 5 9 14 -16 -7 10 19 -4 1 15 0 1 -19 11 15 4 -6 -16 18 1 18 7 11 -5 19 -13 -13 -18 -17 -8 11 -3 -8 10 -2 -4 3
-13 14 13 -12 -11 -12 -9 -7 -20 -6 -11 14 -16 1 0 -8 -6 -20 15 0 12 -3 -2 10 12 -9 -19 -16 14 1 -20 -14 -9 -4 -11 -16 -13 -2 -12 -12 -19
-8 -17 -7 4 9 7 -1 5 15 18 -8 -2 0 7 -17 0 -8 4 13 16 3 18 12 18 -19 -6 0 13 -8 19 17 -12 4 13 -14 13 -15 3 8 5 -1
3 -13 6 10 0 10 20 -19 18 17 1 8 10 17 14 12 15 5 11 -10 -17 -13 -10 13 19 -8 -12 16 -10 -7 -19 -18 -14 4 -20 2 -16 20 -6 15 13
14 5 -16 10 -14 -4 8 -14 5 -19 15 -8 15 -18 -17 0 3 0 9 -3 14 0 4 2 -4 -14 20 -11 -8 -7 12 -2 -20 -15 2 10 -15 -3 11 10 -17
-20 6 -9 -17 9 13 2 -4 -1 -6 -11 -6 -3 20 19 2 -1 15 -10 -4 20 1 7 -4 4 12 -4 -11 20 10 14 4 -7 -9 20 -3 -14 17 11 16 -10
11 11 -2 14 0 14 12 -11 -14 -20 1 13 -3 3 6 15 -20 16 -9 6 -6 17 4 -4 10 4 -8 -11 5 -2 13 -19 -6 -13 -5 -13 -5 -16 13 -18 15
-1 -17 -20 0 10 -11 16 17 -15 2 -12 19 -10 -2 14 -1 14 -11 -1 5 -19 -19 14 7 17 10 18 11 13 -12 2 -6 17 -18 10 -1 9 -10 -20 3 -15
20 12 4 -7 -14 15 -14 -16 4 -2 -7 12 -10 -17 -6 -15 -15 19 3 -5 8 4 7 5 16 12 -6 8 16 -9 -19 7 17 11 4 -8 5 10 -7 1 -18
18 -6 -1 16 9 20 -13 2 0 14 -14 2 -15 1 11 2 -1 16 20 -19 10 14 -1 18 -13 15 2 19 -6 -7 -16 -11 -5 -12 0 8 -6 1 17 3 -10
16 5 18 -17 14 -20 -2 -14 11 18 0 10 6 -9 8 -13 17 -6 18 -18 -10 -11 -11 16 -18 -9 13 -2 10 -13 20 -5 9 -20 -20 -14 18 -18 12 14 13
11 -19 -2 -20 20 5 19 11 -1 -17 -5 -6 8 8 -5 14 11 1 9 1 14 -6 -11 -17 -20 5 -20 -5 2 0 -16 2 -4 -3 -13 -15 -1 18 -19 15 -12