37 41
-14 11 -9 -17 11 -3 -6 8 0 18 -18 6 0 -20 -15 5 -15 16 9 -11 -15 -8 6 1 19 -4 13 -4 -10 3 -16 8 -11 6 3 9 -8 15 0 16 20
3 14 17 12 -13 -15 12 -12 16 3 -13 -16 -11 15 10 0 -18 3 -13 -6 5 0 10 0 -3 -19 2 -3 -6 4 -11 1 14 7 18 -19 9 16 -17 3 12
2 -3 11 -13 0 -7 9 -9 -14 16 9 -2 11 -4 17 20 12 -13 11 8 -2 10 -7 -12 -14 8 12 -18 -3 17 19 0 10 -12 11 2 14 -11 -3 10 -11
-18 -18 5 -15 -18 -12 -17 7 -18 -8 -19 13 2 16 -20 -17 4 -6 13 10 18 -20 2 -7 -9 -6 -16 2 14 -5 11 -1 12 -18 5 -3 19 8 -12 4 18
-8 -9 10 4 14 -17 18 15 11 15 17 -9 -14 11 10 -17 9 9 -1 11 -13 -17 18 2 12 -11 10 -11 -18 -6 -7 -1 -7 0 -19 9 20 -15 5 -19 13
19 -13 -6 11 -14 -15 -8 -9 -8 -2 -9 -15 10 -7 1 -14 13 -1 11 -19 9 17 16 -4 8 -1 9 18 2 -14 -15 -7 2 1 -18 17 -3 11 14 3 -7
19 -17 -10 3 4 3 -17 1 6 18 19 -9 -3 13 -4 18 -12 -5 -12 -11 -15 -1 -5 20 -18 -14 4 6 -15 16 -19 16 -18 8 10 16 -7 -12 14 4 16
-14 4 -10 -15 -3 -19 14 -1 -4 5 4 -6 6 -18 19 -2 -17 18 14 11 19 4 -20 19 15 -11 -4 -7 2 -13 7 -6 7 19 -8 10 -19 4 1 16 2
-9 -4 -7 -9 -16 18 -13 -8 -5 15 20 -12 12 13 -2 -16 9 8 19 -16 -12 13 10 -4 -4 -3 13 -11 4 5 -12 -12 -4 10 19 4 -12 -10 7 -4 8
-4 -5 -8 -4 -2 -1 9 2 -8 13 -1 -11 5 9 -18 19 -19 17 -9 11 20 -18 -8 -12 14 -4 -18 -9 8 2 15 2 10 2 -4 18 -13 -14 14 -8 -20
13 17 -11 20 20 13 13 5 -14 -7 -15 16 16 -17 -17 20 0 17 12 -15 3 -15 12 2 -5 19 -3 -4 17 -20 7 10 9 8 -15 -13 -7 -12 -18 16 -15
1 9 16 18 -1 -5 -20 20 -6 -7 0 -16 -15 -19 9 -3 9 19 -4 18 -12 4 20 14 17 -14 -18 -14 20 4 -2 17 -18 12 1 15 -19 -6 16 -10 17
-7 2 14 20 20 -20 -6 13 -10 9 -2 6 4 13 -9 4 -2 -3 11 -5 7 -16 -18 1 6 -15 -5 -3 -17 -18 12 -14 -7 -15 0 -6 -16 -19 -4 -13 3
9 1 -10 10 -15 8 -9 -5 -14 16 14 6 -17 16 -17 -14 6 17 13 13 12 13 2 -16 -1 -6 -10 -18 16 -13 4 6 -2 2 -17 7 10 6 14 5 4
-15 -18 20 15 -3 19 -12 13 -10 19 16 -20 9 -19 -18 -1 4 -14 -6 0 -4 -8 -16 -7 7 -11 12 -19 19 -16 16 6 20 -16 17 -1 14 14 12 -19 -13
19 -10 -7 -4 13 -16 15 -10 16 -7 -19 -6 4 -15 11 -11 12 -6 -14 16 6 11 -11 -19 -7 3 -16 17 -17 -19 -9 -8 -20 -18 -5 -19 5 -15 7 -7 -20
-2 -3 7 4 -10 4 6 4 -8 5 -16 -2 2 -11 -9 -15 18 -13 -12 -5 -7 -5 -7 8 -1 -5 -8 -20 0 -18 -1 2 3 -13 -16 -2 -10 -15 -8 -19 18
1 1 -2 19 6 16 -2 10 1 12 -9 -16 8 -14 13 0 -15 2 -4 -12 19 -8 -12 17 6 -20 20 -5 -12 -8 -20 3 -9 17 -14 -9 19 -12 5 -4 -3
-10 14 -18 -9 5 18 19 -2 1 -8 -14 -4 20 14 5 7 11 -1 -8 -7 -8 16 8 -18 -1 -20 2 20 -2 -17 17 -4 -13 -18 8 0 -16 -1 9 -17 -1
-3 -11 -12 -4 4 15 -12 -12 13 -20 20 -1 -5 -7 1 -18 10 19 -9 4 16 12 -14 -15 -12 6 -4 12 1 -19 -7 7 -2 19 -3 -19 -15 -2 11 13 14
6 -3 -8 -19 -7 -5 -5 -5 8 14 -16 -11 -4 -11 -20 -13 -3 11 -3 13 6 -14 15 -3 -2 20 1 -17 -15 17 0 7 18 7 -19 -4 -15 4 9 7 -10
-4 -10 15 -1 -1 -17 -11 -2 -7 9 -20 13 -7 9 12 -16 1 5 -7 -5 17 -20 0 -9 13 -6 15 -20 2 18 -15 18 18 12 4 14 15 13 0 -9 13
10 10 16 17 -8 0 0 19 12 -12 13 6 -2 -20 -19 12 -16 12 8 8 -8 17 6 -12 8 5 11 -14 -5 -10 6 12 15 -18 1 -5 -19 19 -16 9 14
5 -15 -18 -1 13 15 10 10 12 9 -19 11 -10 12 3 -17 -3 -13 10 10 -1 -7 16 -4 -6 -20 6 1 11 16 -7 7 -2 -11 -4 -14 6 13 10 -19 -12
3 8 -16 18 -8 -20 4 11 6 9 -12 17 19 8 -16 -17 20 -3 20 9 -13 0 13 6 -14 -9 -12 20 20 12 -11 -8 -9 9 -11 11 -2 20 -8 -4 11
-4 -6 15 -2 11 -8 -3 8 -5 -11 -13 -9 17 -2 -4 17 18 -1 13 20 10 -14 19 11 -11 -15 -15 -14 -3 -7 -13 18 9 19 -19 -11 -12 -20 16 -8 -14
-14 8 19 -10 -11 2 -12 -15 13 -18 7 16 -20 -7 -10 11 3 -10 15 18 10 16 20 -20 -17 13 -17 5 -3 3 7 -15 -4 9 2 10 -8 -14 -17 6 -12
-6 15 16 -11 -19 16 10 -12 16 20 9 -16 10 18 14 13 15 -5 -16 6 18 -17 6 -3 7 9 18 -5 12 15 8 17 -15 -19 -5 -6 -3 -2 -20 -9 2
-17 1 9 -9 4 -9 18 -17 -9 -8 11 3 11 4 13 1 2 6 -14 3 -18 -5 -14 0 -12 -12 4 3 -15 -3 -20 4 4 -2 19 14 -12 1 -12 4 -7
6 19 -8 5 12 -20 -7 -14 19 -1 -8 -14 18 17 -9 9 5 7 2 -11 13 -7 0 9 -13 7 -13 -6 9 -10 6 5 17 15 5 -1 -18 -4 16 -5 -7
-7 -10 -12 5 19 -16 5 -11 2 -7 17 17 -9 18 10 13 -18 20 6 -19 4 -17 -1 -11 20 -8 -2 7 -6 -17 14 7 -11 -8 -13 -13 -1 -11 -16 -17 7
-12 1 -14 -6 19 6 -4 20 -6 18 18 -9 -18 19 14 13 4 13 8 -8 -18 18 17 19 -8 10 -20 0 6 3 -18 12 19 17 20 17 -9 -5 -14 -18 10
3 -14 -1 16 -12 14 20 -2 -7 1 17 -13 -1 -7 -16 -3 13 -9 15 5 -11 -8 18 -9 -8 0 -20 -7 -7 -20 -15 13 15 3 18 2 -12 -15 -12 5 7
4 8 14 -1 1 -15 5 13 5 -16 14 -1 12 15 -8 14 -8 12 -6 18 11 -7 19 9 12 16 1 20 5 18 8 -5 -2 -10 -7 -7 -7 -18 -7 14 12
8 -7 1 17 -19 -2 -7 7 -16 15 -12 -11 -20 -6 19 -12 2 -5 14 12 5 2 -5 -8 -4 -10 9 16 19 20 -6 -19 19 -8 16 12 1 -15 -7 -3 -16
-14 -13 16 -8 4 -6 15 -18 -11 10 20 -16 -11 8 6 10 20 15 6 -8 6 16 -4 12 -18 16 6 -16 10 -1 -5 -14 -19 -15 19 5 -3 -10 12 -7 20
14 -9 -15 -14 -7 -10 -15 20 6 -16 15 -17 -17 5 6 7 -3 -1 13 2 -8 14 9 -1 20 -10 9 4 -7 -18 -20 3 16 -20 -2 6 -4 11 18 18 2