37 41
1 -7 -7 19 17 1 5 -2 17 -4 18 -3 14 8 -10 -20 -10 -7 -16 -2 20 17 8 11 15 -9 14 14 14 4 19 17 -10 -10 -3 -6 -18 6 11 -3 -4
-12 8 -10 18 15 2 14 3 18 18 13 16 -12 4 0 -9 0 12 10 15 -1 -14 -2 11 3 6 -5 -14 2 1 18 -15 -15 10 -7 8 17 10 -16 16 -9
-11 17 -19 0 18 -13 -10 19 -15 19 -13 -19 -4 -10 18 -17 -10 -16 -13 5 13 13 -16 10 -15 10 7 -18 9 0 -7 -14 -16 -3 12 -16 1 -9 10 7 12
1 7 -10 -1 -19 -19 20 -13 20 -9 -14 0 10 -2 11 0 -14 -3 13 -9 -20 15 -13 13 20 1 16 -19 9 12 -4 -18 -4 -20 -18 -14 14 -7 -15 8 -13
-14 -15 4 3 16 8 19 7 -14 11 12 -8 2 12 -11 -12 19 -7 1 -12 -20 -9 -2 12 -8 -14 14 15 -3 -14 -6 -18 9 13 14 -3 -19 18 -17 -20 -7
14 -16 -11 -3 -8 -9 -3 8 -10 15 16 -17 14 -11 19 16 -14 -10 -2 15 -20 -11 9 -3 14 19 12 -6 13 0 6 9 -6 8 -13 -15 0 14 12 19 -4
-11 -15 -10 -12 12 -7 20 0 -20 12 -10 -11 5 -10 4 -6 -12 15 -15 3 14 -7 14 -2 14 16 15 -2 -17 5 10 11 15 -20 -2 -2 -15 -6 4 1 -5
-3 17 -20 -8 -9 -7 8 -1 -20 -6 -15 -12 10 -15 14 3 1 15 -2 -18 19 -16 -9 -18 19 -19 -11 -10 -20 -6 -13 -7 17 -11 1 0 18 -16 -10 6 -16
-5 -20 6 -11 6 -20 6 -20 11 18 4 10 16 -3 16 11 20 -15 3 15 -17 0 -5 -5 17 18 11 -15 -9 -3 8 11 -1 -19 -17 -6 15 8 5 -19 -9
7 12 10 2 -7 17 -3 -9 -15 16 8 -7 8 -12 7 -18 16 -15 18 3 -7 -12 5 13 -20 -17 -10 -11 -16 10 15 7 7 12 9 16 -5 8 -6 5 -6
15 -13 -4 9 -12 8 -12 6 -18 -11 -10 8 -15 16 -5 -18 11 9 18 -8 -4 7 -20 -10 -7 13 -4 14 0 4 -18 11 0 -13 17 20 9 -3 0 2 -14
-8 -5 0 12 9 7 -7 -19 -6 -8 2 19 -6 18 15 -1 9 -6 14 -20 -8 -6 -14 -8 9 6 7 -5 -13 -9 5 17 3 -9 4 19 -17 19 0 -5 -17
-16 -3 -11 0 -8 19 -14 -14 8 2 19 5 -8 -8 -7 13 -12 -10 9 20 -7 -11 5 5 12 7 17 -16 20 14 -9 -1 12 15 13 15 0 -3 -9 -17 -13
6 -5 -19 19 20 4 12 14 -20 -14 -3 -15 -10 19 19 -2 17 -16 15 18 -10 -4 11 2 -3 -5 15 1 16 -6 -4 -9 1 -10 7 -19 -7 -6 -19 8 18
-9 -9 0 1 17 14 -20 -6 10 17 19 -9 -16 4 3 -1 7 3 1 18 5 17 20 -16 16 -5 15 18 -9 -3 14 -18 -4 -13 9 17 4 14 16 -12 -8
0 17 -14 -17 19 -17 7 13 -11 0 -2 4 -17 8 12 -18 -19 -7 7 3 0 -13 0 -18 -17 -9 17 -20 -20 -4 11 -13 -16 -18 -10 11 -18 -20 -9 2 -6
-4 1 -17 -9 12 19 4 -6 -14 9 -2 3 -14 15 -16 13 3 -11 -14 14 -14 -15 10 7 3 14 -15 -15 -6 -15 -10 17 19 17 15 12 -13 18 5 1 16
-18 -18 -12 11 -14 8 -16 15 -1 -8 -8 -11 3 -10 10 -18 12 -19 -10 -4 -6 1 -3 6 13 -7 -16 -6 18 17 6 16 -8 -9 18 -9 13 7 -17 4 19
-9 -10 11 13 0 -13 -11 -8 -6 -16 -3 -12 -17 -19 -16 -15 -14 -14 0 16 -14 -13 -3 -9 -18 -1 7 -20 12 10 -11 11 -17 -18 -20 1 -18 -13 -16 8 19
-18 -1 -1 6 -17 -2 12 -6 -11 20 -15 14 14 3 -16 0 3 16 15 13 -19 -7 20 -11 16 -13 -17 17 -19 2 19 -7 -4 -10 11 -4 4 -11 9 -1 0
18 -13 3 3 -16 -13 16 -9 15 -2 -11 -6 17 -16 20 13 20 -9 1 -4 -4 12 13 1 1 9 -17 18 -5 7 13 -12 1 -5 -1 -13 17 16 5 13 8
-2 -18 1 -15 -6 2 -16 -9 -19 10 18 -11 8 13 16 6 -19 20 19 20 3 -1 -1 -19 -18 20 -18 9 -12 12 2 -11 4 -13 -8 -4 20 -5 -10 8 18
-5 10 -13 -13 11 -12 -7 3 9 13 3 -18 10 -14 -7 -20 -12 -18 9 -17 6 20 18 -2 -20 3 -9 -19 -6 -15 -1 -12 12 5 -1 -6 -12 -10 -18 -17 -18
13 1 20 -10 8 11 -13 -5 -14 10 5 11 11 -2 11 3 16 -13 13 7 7 -5 20 -14 -17 -5 -6 6 -6 -5 18 17 10 -19 13 -6 6 8 -15 -2 16
-8 -6 5 17 0 9 -10 16 19 11 -5 1 -14 12 -2 7 -3 -1 1 11 -3 18 -15 -14 20 1 -14 0 0 0 1 7 11 -12 18 9 4 -1 -4 -15 13
-16 11 1 -11 -19 -1 13 20 10 -18 17 -6 -5 -11 -8 -17 -17 20 8 7 -16 3 9 -16 3 -15 5 -13 1 4 12 -8 -19 20 -15 -4 -15 4 18 11 17
-12 -5 -17 -18 12 -1 11 7 19 16 4 -4 4 -1 9 2 -3 2 -12 -1 14 -2 3 10 -16 2 -9 -1 7 -9 4 16 -14 2 -8 -13 10 3 11 -13 -1
11 5 -18 -4 -19 -12 2 -15 16 -12 -4 14 -20 10 -10 11 19 -5 -12 6 16 10 1 -16 17 8 15 4 16 19 -11 -20 -11 -14 4 -11 0 11 -14 18 19
-20 -2 -12 -12 -4 -18 0 14 -10 -14 16 11 9 3 4 6 1 4 -10 8 18 9 8 -2 7 -14 14 -2 -1 5 15 -14 19 -8 18 -10 20 -2 -18 7 8
-7 11 -14 18 2 9 17 -11 -11 13 -13 -10 -3 11 10 -19 -8 -8 4 17 11 13 16 -5 -1 -13 0 11 17 9 -1 -8 3 7 20 2 2 -10 -20 10 5
-4 4 16 19 -5 -8 -19 13 9 18 2 -10 -2 -14 15 -9 6 -5 -5 5 -20 18 -1 4 -4 0 7 -17 -16 -1 17 -9 -20 13 13 -18 7 -9 -14 -18 -16
-2 16 -19 -18 19 -1 -4 10 -12 14 -1 -16 -19 -2 4 13 -15 -2 14 3 -7 10 -12 -19 -8 4 0 -11 -2 -20 -14 17 -18 -14 2 13 -19 -19 -9 -20 1
0 -3 -2 20 -10 -17 -5 3 -10 -17 -16 18 8 -3 20 16 2 8 -10 2 -20 5 8 -14 -10 7 9 11 -19 -20 -3 -1 14 5 19 18 -6 4 9 18 17
19 -15 -20 18 18 -5 -3 -6 -2 3 6 6 -5 7 8 16 -10 16 16 -11 -8 13 14 18 -12 20 -12 5 10 7 20 0 6 -9 -15 -3 11 0 6 7 -8
-18 8 15 20 18 -20 -13 -20 14 -15 -19 -9 -19 19 -6 11 -6 14 -12 -12 3 -11 -15 9 15 -14 -20 -11 -2 -11 9 -6 -20 13 20 -20 6 1 -12 14 4
10 19 19 3 10 -5 -10 10 -12 -11 6 -7 -11 -1 -8 -15 15 13 4 15 9 1 16 -1 17 -1 2 10 -12 5 -5 7 -17 -13 14 10 7 -6 -7 15 8
-20 -4 -2 15 13 4 9 4 10 -18 -7 -9 19 13 10 -9 6 -7 3 -20 -17 18 -20 -7 -5 -8 -9 8 9 -3 -13 -4 9 6 -14 -3 8 -5 19 -6 -11