37 41
1 -12 -9 1 12 -13 5 12 -5 -7 7 10 -10 -6 6 -17 2 5 5 -8 0 -2 14 4 -1 -17 0 11 -2 2 -8 4 -8 -16 -12 -14 6 1 -5 6 -3
-4 -14 -20 -16 -19 15 20 -13 15 0 -7 14 19 -18 16 -3 -4 11 6 4 3 15 11 -12 -19 -17 14 9 -7 14 -1 16 13 7 -12 11 -5 -9 -3 -18 -11
0 -6 10 -17 -18 -20 -15 17 -2 1 15 16 -7 -5 -1 -1 -7 0 -18 19 -10 -6 14 9 2 19 19 -12 18 9 -8 8 0 18 -13 -14 -19 -6 20 -15 19
3 3 -16 6 -20 19 -7 -12 -15 -16 14 -20 -16 16 -13 3 -3 -4 16 -5 2 -9 -7 -13 -13 0 -15 7 -19 -7 15 12 -19 -5 9 -1 12 -8 16 -4 -1
11 -14 14 3 -6 -5 2 11 -7 -13 -4 -19 -11 -4 7 -7 -16 -19 2 -7 16 -6 10 -10 1 -7 -10 8 4 -13 -1 -15 -13 -1 -13 6 -5 9 -7 -6 -5
-17 3 -7 8 19 -19 -13 8 1 14 3 18 4 -13 -14 12 17 1 -18 3 -6 -10 -5 15 -3 16 -12 7 -5 -20 -7 -18 -19 -19 8 18 -3 14 16 -9 -16
-13 9 -19 -5 10 -10 19 -7 -19 6 -5 -19 -18 -18 6 -12 -19 15 2 -10 -14 3 -3 15 7 -1 -18 -14 -7 3 -5 -15 -20 19 -6 -2 14 0 -20 -13 19
4 -9 -11 19 -10 -4 9 -20 13 12 -4 -4 -20 -9 17 12 14 1 -10 -6 18 -1 10 -8 15 20 0 -19 5 5 -20 2 -8 -19 4 19 12 17 -4 -18 16
-1 20 -20 17 -5 -18 0 -10 7 8 -19 15 19 -17 -17 5 5 -7 3 19 10 -13 -6 7 7 0 1 14 10 19 4 13 3 -19 -3 1 -15 -19 -12 -16 -6
8 8 -5 -1 -17 -6 2 -1 -11 8 7 11 -7 -3 -8 -16 8 -17 -14 13 -18 7 -3 -6 8 -18 0 11 2 -6 7 12 -9 14 -2 -2 11 -13 -5 -6 3
-8 17 -12 -9 -5 16 10 3 3 3 14 15 9 -11 -9 -20 -16 4 17 14 -15 2 -11 -19 -17 -20 16 18 -18 -9 13 -17 -4 -10 20 -6 -12 4 -6 9 -5
-7 16 15 -15 14 17 -4 -8 -12 17 -20 -4 17 -10 -8 -16 -7 -16 -9 -10 -6 -10 -8 -20 1 -8 20 -10 -9 -20 -5 -13 -9 -7 10 -8 -15 11 17 13 -11
-6 -5 -16 -15 -20 11 -11 0 -11 8 -3 -1 11 -2 -9 -10 17 8 10 2 5 18 0 -14 1 -13 -4 -5 4 -12 6 -6 -4 7 7 10 9 7 -14 14 -19
-11 -1 13 20 -1 11 9 16 -14 11 6 -19 -1 -18 -8 -6 -1 -16 -11 5 15 -1 7 -20 -4 2 -5 18 14 -19 15 -12 17 -3 6 4 -20 -10 -14 18 18
-12 11 13 -9 -16 1 13 14 11 11 -18 8 -7 18 -3 -16 3 14 -18 6 15 17 -18 4 6 -2 4 -8 -3 16 3 -20 10 5 -19 18 8 17 -7 18 -6
-3 0 -8 19 -8 8 15 -6 2 5 -3 -14 7 17 -3 7 -4 12 7 1 -2 -11 -5 -9 16 13 -6 5 7 -5 8 4 -11 7 -10 16 -16 12 -9 -20 -2
-5 -15 13 13 1 -20 -14 8 6 -12 -4 7 18 -18 -10 -14 -10 10 19 19 0 16 -17 -7 0 11 -17 13 -3 -14 7 1 3 9 -2 -1 -16 7 -13 -17 5
7 -1 2 -15 -18 18 4 -11 2 -15 12 -1 -15 -11 14 11 14 13 16 17 4 -13 0 -20 9 6 8 15 2 -4 18 17 -15 18 10 15 2 18 -11 20 -17
19 5 5 1 11 -6 -4 18 -1 -9 -11 16 5 -8 -9 0 -10 -8 -16 -11 -8 0 -16 -11 15 -4 7 1 -6 13 -17 4 -1 11 -5 1 16 3 13 -19 -5
3 -16 -11 4 -15 -11 -12 1 16 12 -20 17 7 -13 16 -8 -18 4 15 7 17 9 17 18 5 -12 8 -6 16 19 -7 -16 15 0 -14 7 12 6 3 -13 10
-8 -9 6 -4 -16 4 -9 17 2 -19 7 -1 7 -16 -18 -18 6 -2 -12 -2 -5 2 -11 9 16 19 14 -5 -10 -17 0 -14 -18 18 10 15 -15 -14 19 14 -15
12 -4 -9 15 19 -7 -17 -6 -13 -7 -16 -13 10 -8 -17 10 -5 -12 17 -7 10 -10 -17 -6 9 -6 2 -8 9 -11 -1 -12 -1 11 -19 -14 -4 8 2 18 20
3 -8 7 14 6 -20 5 5 14 -13 18 9 9 2 -11 -8 13 4 -19 18 -11 7 8 -9 -20 0 0 20 4 -13 7 -4 -4 13 -20 16 -3 -1 -11 -7 15
15 6 -20 17 -17 -4 0 8 -18 -20 -16 9 8 -2 -1 0 13 6 12 -13 -15 -5 -11 16 15 -6 17 20 13 14 5 2 20 14 -18 9 9 1 2 -9 17
19 -12 9 19 -7 -13 13 -7 -4 -11 15 19 16 6 20 -6 12 10 17 -12 -14 -12 -7 2 -3 11 17 -11 8 -2 1 17 -13 -9 -17 7 -18 -9 6 -8 9
11 -14 -14 -3 0 10 -1 -2 10 13 19 1 -9 -7 -3 16 -4 9 7 9 -10 -14 -16 10 -2 11 -1 5 -9 12 -4 -3 4 -7 -9 -8 -3 -14 5 13 -18
15 2 -8 9 1 -18 -16 5 19 10 8 -8 5 16 17 -19 1 -2 -5 8 4 15 14 -19 -16 -3 4 -6 -5 0 -9 13 7 -8 -1 1 -1 -8 -5 -20 15
-12 3 -12 -16 -13 15 -12 17 -20 2 -10 -13 -8 9 -4 4 12 20 16 11 -6 -15 6 -1 5 -3 -15 -19 15 1 -4 -1 9 17 -18 15 4 17 -6 4 -2
10 -2 1 -5 6 -14 5 -1 10 11 0 6 3 11 -1 15 -4 7 -14 14 -10 -7 15 -10 15 19 -4 -12 -20 -4 -12 -8 11 -17 -20 -15 -12 4 18 -14 8
-14 19 20 -5 19 4 13 -11 -19 -7 4 -15 -8 -14 8 -7 -3 -5 -1 3 1 -17 -16 -10 -9 -6 20 14 -9 6 0 16 -11 6 -17 9 -18 -3 -8 -15 15
-10 -6 11 10 9 -4 5 4 -13 0 -11 -9 2 1 -14 -6 11 13 7 11 -16 -20 -15 3 9 -14 -19 -17 -13 -11 17 -6 13 -20 6 0 -17 -6 -8 0 -19
-11 -17 -9 -14 2 -10 -1 -13 -15 2 16 7 3 0 -6 -8 -2 -4 -4 -15 13 6 -17 -1 -10 4 -10 2 13 7 17 5 8 -3 1 2 -14 6 -6 7 16
-4 4 -19 19 -7 -3 -14 -17 0 -11 2 -19 -8 -9 -5 11 -7 8 4 20 -6 20 19 9 -17 -18 13 -9 2 -5 15 11 17 17 -2 19 12 -4 -3 -20 3
19 11 -1 1 -13 15 2 -6 -19 8 -19 -3 -20 9 12 18 -12 13 -8 -11 7 -1 20 11 -2 16 10 -4 -10 18 -10 -4 19 -7 9 14 12 14 -16 -2 -18
-13 7 2 -11 6 -7 -6 -1 -15 15 5 -3 -19 7 -10 -19 19 11 -10 -13 14 18 -2 3 -20 -2 -4 -5 7 -1 10 -6 -17 17 -9 -17 1 -19 -20 5 3
10 10 20 -9 7 16 9 -10 1 -9 -2 -20 -14 -16 3 -8 -4 -19 9 -4 11 17 -9 5 7 -3 6 17 -20 1 4 18 4 -11 5 10 -15 9 -12 -3 -6
-20 -3 2 0 -11 18 19 -14 -3 4 -4 -9 6 -15 -15 -9 -13 -2 8 -7 -8 0 -3 7 -17 -19 19 12 9 -17 12 -1 -14 -18 6 -11 3 -20 12 -6 4