37 41
1 -7 1 -7 -17 17 -14 16 -8 -16 11 -13 11 0 -9 1 -7 -18 11 8 -5 -17 -10 -9 -17 -8 -1 12 -14 -15 7 5 -10 -8 4 20 10 6 4 -17 -14
-17 -11 -2 19 1 -6 12 4 -4 2 6 6 10 20 4 -17 -11 12 20 14 -8 17 -11 13 -14 8 19 8 -3 19 -11 4 19 -20 13 -13 -4 3 10 -14 -13
8 13 13 -10 -5 4 -10 9 19 -4 -7 -9 -14 -10 -1 2 8 16 -10 -11 20 20 6 18 -19 -17 10 10 -20 -1 -16 -12 12 9 -6 -7 10 -11 0 4 -10
2 8 -10 14 3 -3 -14 20 15 -15 -14 -17 -7 1 8 9 4 5 3 -2 -20 -7 -14 -7 16 12 3 12 -9 19 -8 -11 19 0 -16 10 -12 -4 3 2 12
-6 -19 15 13 -15 3 -3 -10 -14 2 -14 11 16 15 -6 -19 -3 -11 19 -10 -1 11 -11 16 -7 -5 -17 16 -17 -20 -1 -19 11 14 -19 11 6 -7 1 9 -5
12 8 10 -5 -6 13 -19 9 12 15 12 2 18 -4 -10 13 3 -19 -8 -8 14 9 20 -18 13 0 20 0 7 17 19 20 -11 -6 -6 18 12 -12 -11 -11 9
2 -7 -16 5 -20 -18 -1 16 9 13 -6 -17 0 13 13 -15 12 19 6 -15 4 12 -19 -19 3 -8 9 -5 13 14 -15 -17 11 12 -13 12 16 -1 11 0 11
-18 -12 -11 16 4 15 5 9 20 -15 -16 14 20 -2 11 -6 13 -1 19 -16 10 5 19 -3 -15 17 -8 -1 -4 18 4 -11 16 16 -1 -7 1 16 14 -2 -9
3 16 -5 -19 -7 20 -18 13 -7 -19 19 17 -16 19 3 -5 0 14 2 18 14 15 -18 20 6 12 19 8 10 -9 3 -10 5 1 -2 0 -15 18 -4 -16 -17
8 -11 10 -13 -8 -16 9 -13 -19 13 -7 -2 -9 -12 16 -10 4 -17 -13 15 -20 -5 17 -18 15 -6 5 -16 3 -10 15 -5 -20 12 16 0 6 -8 -7 6 -12
2 1 2 -10 -1 10 -5 3 -7 -11 2 -4 -13 -7 1 6 -10 13 3 -16 -5 -1 13 -1 -17 11 6 -19 9 -17 12 5 -5 10 20 -15 15 2 -6 -13 4
-6 -2 -4 17 -18 14 -9 13 8 15 -7 -4 -2 -19 -8 3 10 7 -1 -15 15 5 -2 -16 5 -17 -4 5 0 -17 -14 18 -15 13 4 3 -1 -17 11 16 -8
0 -3 1 17 -12 8 -13 19 -14 -9 2 -13 -1 -4 8 2 -2 16 4 18 4 18 2 15 14 -9 -13 7 13 14 10 -9 -18 18 11 2 -13 -2 -8 -3 10
-4 7 6 7 6 1 4 2 20 -3 13 5 10 0 -15 -4 9 -13 -16 5 -2 -16 3 12 -14 -11 16 20 -11 -18 5 -5 4 -20 -9 15 8 2 -11 20 -2
6 13 -10 -6 -18 -5 9 -12 -6 19 11 -8 -3 -3 3 20 -4 -19 -8 10 13 -16 -10 20 2 -20 -7 7 -19 7 -14 -19 -7 6 18 9 -5 2 -8 -19 11
14 13 15 -9 11 -19 4 -15 12 9 5 -4 -16 20 -5 -19 8 -13 10 -3 19 -9 13 6 -8 9 -20 7 16 2 -15 4 15 19 7 7 -17 -13 -12 19 -16
17 4 5 15 6 14 -16 14 11 19 10 0 -2 19 18 16 -8 -7 17 0 18 11 6 -20 -5 -12 -7 -14 15 11 -7 -8 14 16 -20 19 2 14 -2 0 13
19 -9 -7 -7 -12 9 9 20 13 -3 -19 10 -8 20 15 -18 19 10 20 20 -10 4 20 -18 -11 15 3 4 14 5 -16 1 10 6 3 -4 14 -16 -11 7 1
-19 20 18 20 -2 -11 0 -20 -14 -2 -10 -17 0 -8 -4 9 14 13 -17 -9 -18 0 17 -4 -20 0 -9 7 -14 -5 5 -11 18 18 -16 -6 7 15 -5 20 -1
20 8 -8 -2 -17 10 12 -18 19 -2 -15 8 10 -15 2 6 -16 16 -13 8 -7 -9 -14 -7 5 20 -14 -20 -5 -16 13 15 4 19 9 18 -6 -16 20 -4 -9
9 -7 -20 -1 -10 -18 1 -19 -12 -2 -8 -16 -16 5 -8 -6 -6 -20 -2 20 6 7 11 16 -10 -1 19 -10 -18 16 -12 -7 -19 5 -10 14 2 16 10 3 -10
0 0 -20 3 -2 9 9 12 -17 14 -19 -8 14 -1 16 -8 4 -1 13 -20 7 6 -18 -12 -2 -13 -13 20 -6 -7 -20 -17 1 -10 9 8 -8 11 -14 6 8
-17 -3 3 -10 -1 12 5 5 -20 10 -20 16 -17 10 -5 17 20 -4 -11 -19 -16 -20 17 -8 -19 -3 6 0 -8 -17 -20 4 -13 17 -7 -1 -14 -11 13 -2 6
17 -20 -8 0 -13 -7 14 -20 13 6 19 0 13 -5 -14 15 -10 7 14 -14 5 0 20 20 -12 18 -12 5 -19 6 -3 1 -15 -8 -5 13 20 -2 20 -10 -19
-20 -18 6 15 -20 16 9 5 0 6 14 17 5 -13 11 5 14 -19 1 8 -7 16 -18 6 -12 -3 -19 -1 17 -18 -13 -7 -15 -10 -5 -2 12 -4 -11 15 -11
-11 -17 -7 18 2 -20 8 13 5 1 -13 9 -13 -7 9 -7 -1 -5 -5 -2 16 -6 -5 13 -11 4 -3 3 -7 -19 8 3 -9 1 -15 0 4 -3 -6 6 -11
-15 11 13 -18 11 13 1 -10 7 10 -2 -12 -15 11 -20 -20 16 0 1 -4 -14 19 5 -16 12 4 13 -7 -8 15 -4 -20 13 -9 5 -13 14 8 2 2 1
-7 -14 -10 8 -18 1 -15 -2 -3 4 8 11 17 7 -9 12 -8 12 -10 9 -16 -16 1 16 -13 -11 7 -14 -16 12 1 -9 -7 17 15 -2 -10 13 18 0 16
-15 1 -19 -5 0 5 -13 -11 -18 0 12 -20 7 8 -1 -17 -18 7 -17 -5 11 -12 -7 5 -15 17 12 -17 20 8 -10 20 12 -10 -19 8 9 18 9 -6 9
0 15 17 1 8 17 17 -17 -16 -4 -1 -15 13 -2 8 0 11 -6 11 15 1 12 -2 20 5 -14 -2 3 8 -6 0 5 14 17 14 11 -7 -3 -12 7 -9
-19 3 17 -15 -8 18 -19 -17 -11 5 -9 1 -20 3 -11 20 -9 -11 3 3 13 -16 8 18 -4 17 -20 -7 -6 -4 19 -3 20 14 -17 10 -18 -10 -15 17 19
-2 -6 2 15 -15 -18 20 4 -20 -15 -15 5 -12 1 -11 9 1 -16 -18 -1 -14 -2 20 16 17 0 8 11 -12 11 0 -2 -1 -15 19 12 2 18 -7 -10 18
-8 3 -18 -6 10 9 0 -12 -4 -11 8 -16 13 17 -8 -15 -9 -4 13 -14 -11 4 -20 -12 -10 20 4 1 -2 -3 -20 -6 -1 2 -7 -1 -13 -14 20 11 -17
15 20 -10 -3 -8 -20 14 -4 -10 -13 19 9 -5 -12 -16 7 9 -6 3 19 -8 14 -18 -4 -9 6 -7 1 4 -12 10 3 -4 5 9 -15 0 -6 -5 -14 14
10 -19 -18 -13 -12 9 0 -14 -12 10 15 -5 15 9 20 -4 -12 4 8 6 15 -4 7 13 -6 -16 7 19 19 12 10 -3 15 20 -16 -5 0 2 -5 -19 12
15 -11 -4 -7 11 4 19 -6 -3 1 -1 -1 7 9 -6 0 -8 9 6 -8 -9 9 9 -20 8 -15 -20 14 -8 -19 -12 5 19 -11 0 2 -18 11 1 -11 -7
-19 12 18 -4 -2 -17 -3 -20 9 -8 17 -19 1 11 -6 -4 10 -18 -11 -16 6 -7 -17 11 4 11 -5 11 -12 -16 14 -13 17 -17 12 15 -7 -19 16 -18 -20