37 41
-11 6 3 -2 -1 16 8 18 13 -12 3 16 14 -12 -16 2 -13 1 -6 6 -10 -6 -2 5 7 16 -8 -17 18 7 -1 10 -11 -5 15 8 20 1 20 8 -19
-3 -5 1 -14 10 12 12 18 -19 13 -11 -4 19 -4 -10 11 -7 3 20 -20 3 -13 7 14 -12 12 -5 19 15 -2 0 11 -12 -4 -9 12 20 -10 -16 -19 7
11 6 -11 9 -11 -9 6 -18 4 20 -18 14 17 -3 20 -2 12 -18 -20 3 16 -13 -13 1 -5 7 -6 -20 17 -4 -8 2 12 14 -9 -20 13 -15 -7 -17 13
-17 0 4 -13 3 15 -13 10 3 4 10 14 -18 10 -19 6 13 6 -20 -12 -15 18 14 4 4 4 -6 -2 -15 18 18 5 3 -6 10 -10 -6 -2 -15 -6 1
-20 -18 14 7 4 17 -18 -9 -12 16 -14 -4 3 -6 12 17 -3 -9 9 -8 -9 -2 -19 13 -1 -12 12 -16 -3 14 -15 4 9 -8 14 -19 3 2 15 14 -7
5 7 1 -3 13 6 19 -20 -6 -10 3 20 -14 -6 3 3 -8 7 -10 16 -12 17 19 -6 1 -13 6 -3 -17 -18 8 11 -14 -16 8 -8 6 -8 -2 -7 2
10 17 19 19 4 -4 18 -9 7 8 -6 12 15 9 19 -16 -9 -17 20 -2 19 -19 11 9 10 -18 11 18 -12 8 15 -8 -1 15 -9 2 -6 -13 15 13 -13
-2 18 15 13 20 -1 15 -18 -3 0 -18 4 17 17 14 -1 16 -10 20 -10 -16 4 -20 -15 9 18 -16 15 -11 -5 -11 7 4 13 8 7 1 4 -11 16 -11
-18 -10 -14 18 -5 14 -12 -18 -9 4 -13 -11 -9 -19 1 7 17 10 -17 -11 10 -18 -5 -20 15 6 20 12 -20 15 20 7 9 17 -14 -4 19 16 7 7 20
-9 -13 12 2 6 -2 17 -12 -10 -20 17 -8 -7 -11 6 -1 -2 -19 -9 16 9 -14 15 -17 19 -3 -9 17 -14 16 -15 -7 -6 20 17 -20 -12 12 -20 -9 14
4 13 17 -9 -20 -6 -3 -19 3 -12 13 10 -4 -19 -12 8 -3 -13 18 -12 12 -7 -2 12 4 0 14 2 -3 17 -5 20 15 18 18 0 -17 -12 10 -15 -18
19 -12 3 15 5 4 -9 7 17 16 7 -5 17 -13 6 3 -3 16 4 15 6 11 3 -20 17 -16 -11 19 7 9 -13 13 10 7 1 19 -5 18 5 -11 -10
-11 2 4 1 13 11 -1 12 20 -9 -10 -11 10 -9 15 -15 18 13 19 -15 10 -11 -16 -9 5 -2 -17 -11 -10 -16 15 -8 4 4 11 8 -17 3 -4 19 3
0 18 0 13 -19 6 13 -11 -16 4 18 7 15 17 -15 20 -5 -20 17 4 5 -7 9 -6 -15 -5 -2 5 5 -19 13 3 -18 18 1 -9 12 -3 -16 19 -13
20 12 -5 -1 17 5 8 -17 -10 -9 5 8 15 -8 -13 7 5 3 2 -16 -13 15 19 -7 -11 -19 11 -5 3 2 -9 10 -15 10 14 -18 -5 19 20 2 17
-2 16 -17 16 1 -4 6 18 -5 13 13 2 -13 4 -14 18 -18 11 5 9 15 -19 -10 -6 6 13 8 -14 -13 5 -17 4 17 -7 11 -6 -17 3 -6 12 2
-2 -6 6 -8 19 10 -10 -11 7 16 -19 -3 -1 2 -14 2 -7 -14 9 16 6 15 0 -4 11 -11 -2 16 -17 5 16 -17 13 -11 3 -19 11 -18 3 10 8
7 -12 -4 -2 -10 14 -10 -17 -5 12 -8 -18 -10 7 -12 -10 3 17 9 -6 3 -2 8 7 18 20 4 -12 15 0 7 -5 11 -5 -9 -6 -15 5 -17 -15 -1
-11 17 6 -1 15 3 2 -10 10 1 -12 2 -11 -11 -11 -17 -16 9 -18 -12 -10 -20 9 -2 -11 -8 -15 -14 8 -20 0 4 15 6 18 -8 20 20 5 4 19
-2 15 -10 7 9 3 0 -14 -13 -20 9 -1 10 -11 -5 2 14 13 -11 0 10 9 -17 -11 9 18 -12 7 -19 19 -13 -19 -16 -20 -18 5 3 2 3 9 -20
11 -7 -18 16 -13 12 -3 -16 4 -5 7 -11 19 -2 -17 11 -16 -12 5 0 -3 20 -15 17 13 -14 -7 1 -12 6 -9 1 12 -8 -9 -17 6 -4 7 -19 -2
19 6 3 -17 13 -11 1 -14 -13 -20 7 6 16 -12 -11 11 17 -9 -10 10 9 -12 0 -17 -17 -3 4 18 -13 -2 3 -4 -19 -1 5 -7 -14 8 17 -8 18
-2 -1 8 20 3 -11 9 -17 10 -8 12 -10 2 -10 -11 5 15 -10 -16 -13 -20 -7 9 -17 6 17 -20 0 -13 -5 -14 11 12 -20 12 -12 10 14 17 -16 12
-3 12 20 14 -12 -1 -8 18 -9 6 -10 -15 -3 0 3 -7 -20 2 -13 -5 9 20 15 -19 15 -19 -6 11 -20 4 -10 18 11 19 -2 10 -15 13 -4 20 15
-14 16 1 2 2 -6 6 -7 -4 20 -17 11 -9 -2 -6 6 -13 10 -10 6 11 -18 -7 0 -4 -13 -13 13 11 0 20 -20 -8 11 -17 -18 -6 13 -7 -8 -1
14 3 -17 -15 14 -12 1 5 16 -14 -1 3 16 -18 -4 11 -7 -6 -17 -15 -6 3 10 8 17 -14 1 5 19 -17 -18 10 13 -12 11 -18 14 5 -7 9 6
-13 20 -12 -12 -16 10 -4 8 -18 12 -15 -9 -4 -13 -12 -6 -4 2 -9 -20 4 -13 17 17 8 -6 18 -5 7 -5 -12 -1 -10 -13 -14 20 7 13 7 12 -18
-20 -5 -20 14 -1 -16 6 9 3 17 19 4 17 2 2 12 11 1 19 3 20 13 -7 -6 -8 -18 6 -15 4 4 8 -9 -6 19 2 18 14 -15 19 14 -16
20 12 -4 6 20 -10 5 19 -6 -8 7 0 12 -13 -17 1 4 -9 -20 16 12 -11 0 -11 -3 19 19 -11 -17 -16 -15 13 -20 -3 -6 -9 -3 -16 -16 14 6
11 15 20 -7 -7 -3 -1 -6 -18 -16 14 -10 -4 3 -12 -14 13 5 -10 -16 3 9 -9 4 -12 -10 5 13 -20 20 -17 -8 17 16 -15 -17 -4 -8 11 0 -19
18 -16 4 -3 -15 19 -12 11 4 11 -6 16 -3 -15 1 -15 12 -18 -17 -1 -17 20 5 -3 -12 -6 4 -10 18 -9 19 -18 -5 -18 18 1 -19 -13 6 3 -9
20 -20 -1 -17 18 -9 11 1 8 -6 -20 5 1 9 6 6 11 9 -8 -8 15 0 -17 -16 -7 12 1 3 -20 16 14 1 0 7 15 -14 15 -10 10 -17 15
9 3 -4 15 0 -16 -17 -2 17 0 -17 18 -19 12 -9 11 -13 -20 12 12 0 -9 2 -20 2 13 -2 7 -9 -2 13 -9 -6 2 -13 -14 19 -8 -9 -3 0
-1 -12 -2 -20 -3 -6 -13 4 -5 5 3 -1 14 -13 0 -14 3 5 -8 -7 8 1 -15 -7 6 14 -6 -11 -3 -10 19 0 -3 -8 10 16 -18 -5 20 5 -12
19 20 2 -7 -10 -20 -6 -20 18 17 -8 -6 -4 19 10 4 12 3 -3 1 16 -17 11 9 2 -16 14 0 1 -5 -8 -11 -11 13 11 14 -16 16 -6 -8 10
-20 12 -3 -11 -12 18 -10 5 -18 12 12 -7 -15 -4 -7 -15 0 -7 13 -8 20 -11 6 1 16 0 5 8 2 12 -18 -10 -13 9 -12 -18 15 3 -10 20 -12
7 -2 0 11 20 -17 2 13 -19 3 16 1 -15 17 -20 -13 14 18 -13 0 -9 -8 -12 17 5 19 17 6 0 1 -3 13 -2 -11 -19 -7 -12 18 -10 -1 -6