37 41
-20 2 -13 -2 -9 3 -11 18 9 12 -5 8 16 20 -4 10 -2 -8 -7 3 -7 0 8 -3 5 -19 -20 20 9 19 15 -19 8 -15 -14 8 -2 16 -4 -12 19
6 12 -3 -6 -20 20 -6 20 -7 17 18 16 -17 -9 14 10 13 -17 -7 -9 18 -2 -19 14 -7 -1 7 12 2 12 -13 7 0 11 -19 -13 -7 -17 -7 -8 8
-14 20 18 -1 18 -14 -2 -9 8 -1 8 -6 0 -18 -13 -19 -8 14 11 -14 -6 -8 16 -9 15 17 0 9 7 -17 -19 -16 13 8 -6 20 -12 20 -16 -16 12
-20 16 -9 -6 -4 1 2 12 -10 -13 -13 -18 -14 -4 -13 12 -13 13 -19 -16 12 -5 8 -7 5 18 -18 -3 13 -12 -12 -16 20 0 -18 4 -14 -17 17 -17 -16
11 16 -18 -17 -5 -1 17 -7 1 7 12 -9 13 -8 16 -5 2 -5 -17 -5 0 -4 0 -10 2 -20 -19 -2 9 -15 -17 7 -16 14 -6 -7 -5 -7 14 -15 18
20 -15 -5 -8 8 -18 6 18 10 16 1 9 15 -12 15 6 19 1 1 6 1 -16 -3 0 -8 -15 -16 15 -3 -19 10 -15 -1 -14 12 -16 -4 9 -2 -9 13
8 9 7 -8 -16 -8 -9 1 -5 13 -13 6 -18 -17 4 -19 -7 4 20 14 11 10 9 -2 -9 3 -20 -9 -11 4 -11 -12 -8 -20 -11 20 20 -10 -13 -8 -19
19 18 8 17 5 20 -14 -12 -4 -15 6 11 -15 1 -17 -7 1 3 15 13 -17 -1 -19 -10 -3 11 17 0 -3 -10 -6 14 -1 -11 -20 -3 5 -3 -4 15 -12
-5 20 19 -11 17 7 -12 -15 0 3 -14 -17 -16 5 11 -19 -5 8 -5 15 10 18 -12 1 10 11 -6 18 -9 4 -20 12 20 -1 -20 2 1 1 13 -11 -4
-7 19 2 7 11 -10 -11 17 3 6 -20 14 -11 7 -9 -11 4 4 -18 7 6 -1 2 -2 -17 11 -12 -2 8 -20 17 -13 -16 13 -5 -10 -17 17 -5 -19 13
-7 2 -9 -2 -11 18 -6 -18 -4 14 13 -10 1 -12 0 -6 6 -7 -6 16 -8 1 -14 -18 -6 -3 4 14 10 -4 -12 20 -5 4 12 0 -1 -7 11 11 -14
5 20 -20 -8 -17 -20 -10 16 -7 6 -1 -15 -20 -17 12 -19 -10 14 14 16 0 13 14 -3 -7 6 -19 -13 14 -4 -17 17 15 19 18 15 9 1 7 -20 9
7 14 15 -9 6 2 18 -12 -7 -2 7 -20 -10 -9 -12 -3 -3 -20 -2 -13 -17 10 8 16 16 11 14 18 -3 -7 14 7 15 9 3 -6 -6 -9 3 -6 7
0 -12 1 20 -3 11 1 -8 2 -19 -12 -8 9 -17 -6 8 -6 1 -13 19 12 -11 -3 7 18 3 -4 -20 -13 -3 -14 8 8 13 -3 10 -5 19 -2 9 -20
-11 12 3 20 -1 18 -19 20 14 -3 0 16 8 2 0 17 -10 -3 -10 13 17 -1 -4 4 14 -14 -5 -4 12 -6 13 -11 -7 -16 20 -1 20 14 -8 3 -15
14 -2 -18 -15 15 1 -6 2 -17 -2 -9 -12 -2 -18 7 8 -13 -18 -7 2 14 -1 -5 -9 11 -6 -1 -7 -15 -5 7 5 1 7 -20 20 16 1 8 5 9
-18 16 14 4 -11 -18 10 0 -15 -4 7 -18 -8 -6 7 -9 18 7 1 -17 -15 10 10 3 17 17 17 -8 -12 18 0 14 4 -12 20 -17 -7 10 6 12 20
7 -18 -7 -18 7 13 7 20 -16 11 13 9 16 8 10 -18 -18 14 9 6 -13 4 -4 -7 4 -11 -20 -15 -15 -7 -9 -12 5 6 -11 5 -20 -19 9 18 -17
-19 11 14 -13 -3 15 0 17 -4 10 8 -6 5 17 -3 -15 -18 -12 16 -2 -1 0 4 -20 -12 5 20 13 2 16 3 -19 -16 -15 -16 -6 2 2 18 0 16
-14 2 20 15 9 -6 2 2 8 -8 -14 -9 -4 -12 8 8 -7 -5 14 8 4 12 18 -5 -10 -13 20 -20 -19 12 19 7 -17 -11 -2 17 -6 16 0 -18 -10
-19 1 -17 12 12 16 7 -2 -3 15 5 -19 9 20 -14 16 -18 4 -1 14 0 2 12 10 -13 17 13 1 -2 11 -12 -14 16 18 -2 17 14 -12 -20 -15 -16
1 -11 -12 -17 20 -2 12 16 -13 -9 -3 -5 -8 -9 10 9 -6 17 -12 -2 -11 4 -10 -5 9 -20 -6 -9 3 3 1 -6 18 19 -20 8 16 20 18 10 11
10 0 -2 -3 -4 3 10 20 2 12 4 -3 14 4 -10 4 -6 -20 -4 -20 -15 -10 2 15 4 2 0 -11 -20 8 -12 -11 -15 0 18 19 -9 -14 -2 -1 -19
-16 9 -19 3 7 13 -19 11 20 -19 -13 -19 -8 -17 -12 9 0 -5 -20 6 -9 -4 19 -9 -15 18 5 15 -12 -9 -18 -10 -16 14 -20 20 7 -10 -8 1 -16
-18 5 3 -3 15 -17 13 6 -7 19 18 19 14 -15 18 -2 -8 -10 19 12 -12 14 6 7 -12 16 -19 -6 16 -7 7 13 0 1 -15 18 -3 -18 14 -20 -15
0 15 20 7 -6 1 11 10 -6 5 -4 0 15 -10 -6 4 19 12 9 19 12 -15 20 -12 10 -12 -13 -11 -8 -11 2 -3 19 -15 15 7 5 -7 -19 2 14
-20 13 0 -5 15 -17 -3 -13 17 -9 6 7 -8 17 12 -6 18 -11 -3 15 12 -4 -12 20 -12 1 -15 3 17 -8 14 -15 -17 -6 14 3 -3 7 3 11 9
-3 10 -15 -7 -9 -4 -6 13 0 -8 -20 -11 -18 1 -20 2 17 14 6 -3 -18 -13 14 4 -10 7 14 -8 18 -5 18 -11 5 -12 15 -16 -3 -6 -16 -8 -6
18 18 -14 3 -10 5 6 -9 -7 2 -2 2 8 1 7 -2 -8 -14 8 -3 -1 9 6 -11 17 -12 19 -4 12 -3 4 11 0 6 5 -3 19 0 9 -7 -1
15 -12 8 -15 11 -3 2 -10 -11 9 -8 19 1 0 -2 -17 -12 3 -14 -20 1 -12 -8 2 10 -6 -17 8 0 19 5 -13 4 -7 4 10 -11 -12 -3 13 16
-7 -13 17 13 -13 5 -12 -14 2 18 -1 1 16 20 -13 -16 13 11 -20 -1 11 20 9 -15 -7 -1 20 7 -18 19 -15 15 -19 17 11 13 15 11 9 -17 -9
4 4 -1 1 2 -15 -17 3 -14 -4 -16 3 -9 -10 -6 -19 -5 16 7 -7 6 -4 11 5 12 -4 12 -12 11 -9 -6 -13 -1 18 1 17 -6 -1 12 18 -12
7 7 9 12 16 -1 2 -4 0 -17 3 -14 10 0 -2 5 9 8 14 -19 -2 14 16 -14 9 2 -18 3 15 10 -8 -18 7 -6 7 11 19 5 -13 3 3
-11 2 10 -16 -16 -14 -8 11 0 14 8 14 -4 12 17 -18 0 -9 -4 17 -9 -7 -4 0 -5 -9 12 4 19 -14 10 -5 -1 -11 12 2 10 -4 -10 -2 0
-20 -9 -19 -19 -12 13 7 -5 -12 16 -16 11 2 14 -4 9 19 -13 -6 -3 19 -2 -5 -12 -5 5 -19 -20 -4 13 6 14 -17 10 8 18 16 -1 -9 -8 4
-14 17 9 4 -4 -1 -11 1 5 15 -15 0 -12 -20 9 -1 -1 14 -16 13 13 0 -3 8 8 -10 -17 -8 -16 -9 16 18 2 -19 -4 20 15 -14 -20 0 11
-15 2 -8 4 -4 -9 10 -4 18 19 16 3 -18 7 -20 1 0 11 -7 -12 13 -19 -20 3 8 -12 -13 2 19 -10 4 -20 -12 -4 -6 -3 -16 -18 -13 18 -1