37 41
15 -6 -10 -20 -17 11 -5 -13 -10 -6 -17 14 -13 2 -16 12 -15 -6 8 -1 -11 -6 1 4 2 9 19 -11 -10 1 11 -19 -17 12 11 17 17 -1 3 -14 -16
3 11 6 16 4 -14 19 -7 18 -17 -18 -3 18 -4 -8 2 -13 -14 7 6 -9 1 -10 3 -1 -1 -4 11 -13 -9 9 0 15 -7 -13 6 -4 18 0 -11 -19
-20 -20 16 14 4 -8 9 14 17 15 -2 9 14 -16 4 -2 10 -2 -14 -8 17 -6 10 -7 16 -10 -15 3 14 12 -18 -3 -13 3 -20 -6 -1 20 -9 -10 11
-10 -2 -9 3 8 -8 -19 13 5 18 13 -18 18 19 2 10 10 -7 7 -7 19 1 19 -18 1 16 -2 -15 7 13 20 9 -8 -16 13 -10 19 14 -16 1 -6
19 -18 -15 -16 -16 -16 -12 -1 -5 4 8 20 17 -4 1 -15 17 -14 -19 13 -9 15 8 18 -15 18 -12 -15 3 0 -16 2 -10 -14 15 9 -11 -15 -20 3 -4
-15 7 -6 -4 0 13 -16 -7 -6 -13 -11 19 -14 2 1 -17 -15 -17 -3 -14 6 -13 -8 1 -18 -12 -17 -13 7 0 12 3 -15 5 -3 -14 1 6 8 -14 19
5 11 -6 3 7 -12 -11 14 14 2 -7 4 8 12 -1 9 -15 5 11 -7 2 -19 -7 -17 -8 11 -19 -3 8 19 -15 -17 17 -17 16 8 0 -8 -16 18 1
-15 -20 8 0 -2 -2 12 -11 5 -14 14 19 -2 -12 4 12 -7 12 -9 -13 -19 -2 18 4 -10 18 -18 2 -15 -14 -4 9 -3 -8 20 -3 1 1 19 -10 8
13 -1 -12 -15 8 -17 -13 18 0 -17 19 -20 -17 -8 -2 -5 15 -2 -6 11 -13 -4 4 17 15 -18 -6 -19 -1 -11 -8 19 11 10 -5 4 -5 8 8 18 5
12 2 -1 15 7 -13 20 17 1 1 -7 -13 -18 -8 20 17 9 -20 -20 -12 -9 19 -16 9 17 -12 -2 -20 -8 -1 -3 -15 8 11 6 14 8 -20 19 -5 5
-7 -16 10 14 0 14 -4 6 9 13 -15 -3 -16 -5 9 19 17 10 16 15 10 2 13 -15 8 -18 3 -14 -18 -16 -13 4 3 -14 11 14 5 10 4 -3 11
-2 -11 6 6 -20 20 -18 -8 -1 17 8 -13 12 13 14 12 5 13 9 -14 12 10 -13 20 -1 9 -18 14 1 -18 17 0 -11 -14 16 9 7 -16 -18 -5 -15
-8 -19 12 5 -4 14 10 -9 -15 16 4 0 10 6 4 14 -18 16 10 -1 10 0 10 -6 -12 11 -13 2 16 7 3 -1 15 7 9 -17 17 -1 6 19 -4
-17 -8 1 12 -20 -12 0 -7 -15 8 -6 -3 4 -12 4 18 16 -6 -13 14 16 -11 10 -13 -17 -20 -17 -10 -10 -7 20 -8 7 -3 17 8 2 -11 10 13 -20
9 -5 -10 -5 2 -19 6 -10 7 -4 -14 -3 -3 17 12 -11 19 6 2 7 -15 19 -10 -8 -16 20 -3 -19 13 -3 -3 1 -2 1 -3 15 -4 -14 -16 -6 -20
-14 3 11 -14 15 -10 -9 -13 -4 -14 3 14 -16 -9 -11 -9 -15 -13 -5 -10 10 -19 16 -19 0 0 9 -16 10 3 -20 11 14 18 1 -17 -12 -10 -12 -11 -6
-1 5 -17 9 -7 -19 -5 14 -14 -1 -13 1 9 -10 -12 -12 -17 9 -2 -12 6 -15 7 2 -10 6 -14 -2 9 -10 16 7 -3 -9 9 -20 -1 15 -1 9 -5
-9 17 -10 -12 -13 5 1 -1 -20 17 -10 18 -9 19 -7 7 12 -9 -2 12 14 -19 -16 19 17 -11 -4 -15 20 -1 0 -14 -7 -14 13 -6 7 -10 18 11 18
-16 -7 -1 19 4 11 11 14 12 -17 -12 -6 -14 -10 -18 -9 -18 -15 2 -11 -8 8 -18 -9 9 10 19 12 10 20 1 -10 -16 19 -19 -11 -7 14 8 12 -10
-7 -1 8 2 1 -13 13 -17 8 1 18 -13 14 -4 -10 14 9 4 9 3 -1 -8 -18 7 11 14 -15 -10 10 -14 19 -15 -18 -12 -7 17 17 10 9 19 8
-11 15 -10 1 14 -6 8 19 -20 -20 2 20 -17 13 -11 13 -15 -5 -18 -17 -12 0 -14 -9 20 -12 -20 8 11 8 20 15 7 -13 -2 2 -20 8 10 8 11
-15 2 1 -3 17 0 -13 -8 -16 -17 4 -16 10 -12 19 5 -8 13 1 4 12 -8 12 10 2 2 14 -16 14 -3 4 -8 0 -10 -3 -17 -14 0 -18 6 20
-16 4 12 15 -15 -8 19 -8 -3 -18 -17 -5 -12 -9 4 18 5 15 1 14 11 -18 18 8 -17 -10 18 -7 3 -8 7 12 -5 -1 -18 -13 14 -19 -16 11 -20
-20 -20 -12 -12 15 18 -9 19 -18 3 6 14 -1 -13 8 14 -20 -6 -12 -8 11 9 4 -10 2 -1 8 -1 16 5 16 7 -6 -10 11 -9 14 -17 2 -13 8
9 1 9 6 6 8 3 -16 4 6 1 19 2 -20 -18 3 15 -16 -16 18 5 -16 -12 -15 -2 14 5 -11 -17 -12 -15 -10 1 11 -8 2 -3 -6 7 -14 -13
5 3 -8 -17 12 -14 19 16 10 18 17 -16 -14 10 -19 -5 -16 -2 19 -19 -16 12 2 -6 -8 18 -13 8 -9 17 3 14 16 -14 16 18 1 5 -19 -18 -19
-7 -10 -6 -1 -12 -10 1 -12 19 9 2 -17 17 -2 16 -19 6 8 3 13 9 6 -17 -19 -13 -12 -11 -3 -5 -19 4 13 16 -11 -2 -8 -15 -4 4 5 7
-14 -20 -9 -18 7 -3 -2 3 14 -7 -2 -17 6 -5 12 11 -9 -16 5 10 2 -8 -12 14 -2 9 -14 12 -20 18 -19 -14 2 14 -15 -15 -18 -15 4 18 6
17 -1 6 7 -4 -11 19 19 -18 4 -8 9 0 19 -17 -18 1 0 18 6 2 2 -6 1 -11 -1 -13 -14 3 19 11 6 2 1 15 -7 -8 16 7 16 -12
-2 -6 1 0 -19 -6 12 -9 8 -20 3 -18 -2 0 -7 -17 3 -18 -2 -10 16 14 19 19 14 3 -10 2 -11 16 6 -4 -5 -1 -4 6 13 14 0 15 -10
1 8 14 -14 2 -17 2 -5 -10 -17 -9 18 -1 3 2 -9 1 1 11 -11 7 -15 7 -10 13 -16 -16 11 12 1 18 13 8 -12 -8 -8 -7 -8 -7 -5 8
13 -7 -20 6 13 -5 0 10 -8 -18 12 14 -15 -18 -15 -6 -1 9 -8 -4 20 2 -9 0 -16 -3 3 -19 -5 5 8 -15 -3 -11 -7 -19 -15 13 15 7 -5
-8 0 -15 -3 0 19 5 19 -16 0 9 -6 -8 16 -6 -10 -20 19 7 15 12 -8 18 -16 3 -14 -1 -4 -17 18 -19 20 5 1 -4 -6 19 -11 2 20 12
-10 -12 2 17 -18 1 18 -4 -14 -17 -10 -17 9 -9 -16 19 19 8 12 -18 -1 16 8 3 -5 9 14 -15 3 -6 0 8 -10 14 8 -19 -10 1 10 -6 5
9 13 19 19 6 2 13 -5 -1 -9 16 1 -3 14 -8 -4 2 15 -1 -7 -10 -15 9 -10 6 12 -8 -3 -14 -1 -11 11 12 -9 1 2 -10 -15 -11 20 3
2 -15 5 -13 -1 -14 -16 13 -15 -1 17 -11 -11 -4 11 -10 0 12 -10 -1 7 -15 -4 -14 1 -2 1 -2 -2 15 -12 0 -9 -15 20 2 0 16 1 -8 15
-7 5 -8 -3 9 -13 -17 -16 -15 15 3 -5 4 0 4 -12 9 -15 -11 19 10 15 -8 17 20 -6 -19 4 18 -18 -3 3 -18 -18 -3 -19 19 -5 -18 -12 -10