37 41
-19 0 16 16 -9 12 -19 11 5 9 8 9 -4 10 14 7 -3 8 3 3 19 8 -6 -12 -11 -14 9 17 10 1 -1 18 -16 -14 -9 -19 3 -12 -4 -6 20
-19 -11 -11 -14 13 18 17 -2 -6 6 8 11 -13 -5 0 -18 14 0 -18 7 -5 20 1 -14 11 8 -19 18 -10 -20 4 -20 5 -10 -20 -11 -1 7 -6 -16 -12
17 0 15 -2 -14 -15 -17 5 5 -2 19 -10 -15 2 0 5 0 -15 6 -3 2 -15 17 -3 -8 -1 12 8 8 11 14 -1 17 -1 10 6 12 10 -19 -9 -16
-1 -6 -11 6 13 -17 18 6 6 14 17 14 -3 -4 -12 14 -9 16 13 17 -16 -15 -7 12 17 12 -12 15 10 17 1 11 -8 -4 -18 -17 4 -10 1 19 -9
11 -3 16 13 9 10 -3 -5 -10 19 -14 8 15 11 15 -20 -16 -7 10 -1 -17 15 -2 -7 13 13 0 -6 16 2 5 0 -17 -10 19 -15 1 -16 19 13 8
0 19 -2 17 -18 -16 -6 -16 -3 -6 4 -8 -11 12 -18 13 15 8 20 -13 2 10 17 15 4 15 3 -12 -2 20 6 8 8 20 19 1 12 -11 3 13 -11
8 -11 -7 -2 -9 15 -12 -18 8 10 15 10 -5 -1 8 1 10 6 -6 -1 0 0 10 -8 -8 15 20 14 -4 -2 19 -6 -6 14 -18 13 0 6 3 14 2
-11 -20 -19 -11 -18 18 2 -9 -19 -2 -9 -13 15 -18 -18 11 7 -16 -8 19 10 -15 -5 11 9 5 -14 -12 -4 -5 17 0 15 -3 17 -20 8 -10 0 8 -13
12 -8 -8 -8 20 -13 -9 -20 10 6 19 12 1 -3 -4 -14 -20 4 10 -19 8 15 -7 17 -18 3 2 -6 -10 -4 -3 -20 4 -12 -2 5 16 -7 -3 9 -4
7 -2 -13 -19 -6 13 -14 -18 -11 -14 -11 -16 2 -1 -2 -15 17 11 -11 9 -19 14 4 -19 -17 -15 5 15 -13 5 12 -6 -2 20 -8 -15 11 12 -8 -15 -7
11 4 17 9 7 18 -11 -1 12 8 -9 -2 -2 -19 -10 -5 15 -14 16 2 20 -7 -16 13 -16 -15 17 2 9 0 3 3 11 10 -16 11 -3 20 16 18 11
-4 -4 8 -4 -11 1 5 -16 16 -16 10 6 19 -14 0 12 -3 -4 3 17 -16 4 8 1 1 -17 15 7 8 8 14 -11 -3 -20 -7 7 15 -10 -8 10 5
-1 -18 19 17 16 -12 2 -9 11 -19 3 -20 -12 10 5 -14 7 14 10 4 -3 -11 17 -1 -8 -12 -11 -12 9 1 11 12 9 14 -18 -15 7 0 16 8 -6
-6 15 -10 -1 15 5 -17 14 6 -18 -6 -2 12 -11 -12 12 -8 14 -6 2 19 -7 1 5 -7 5 10 -4 -6 -9 -17 18 10 -7 3 -3 -13 6 20 -2 8
15 -9 6 6 6 -11 -6 -5 11 17 3 -20 -17 -2 -20 20 -8 8 -20 -6 20 -13 -7 11 4 1 12 -15 0 -13 2 15 -8 8 -9 -7 8 14 -7 6 2
12 0 2 8 7 14 -15 -12 -3 -20 3 10 6 -1 -14 17 -11 -11 20 18 17 20 -19 17 19 17 12 11 7 6 -18 17 10 20 13 -6 1 3 3 -4 8
18 19 1 8 19 12 12 16 3 -19 12 8 20 -1 20 5 -5 11 7 18 5 -5 -6 2 16 12 -11 -12 19 -4 9 12 -8 -17 -17 11 19 -15 -14 2 5
11 4 -18 17 14 -18 10 -14 3 8 17 -11 -7 -15 -16 5 7 -15 -13 16 -11 16 -8 5 7 10 1 12 -20 -9 11 -6 7 0 19 7 15 10 -19 -16 -15
20 -4 4 0 16 17 -7 -1 7 8 -17 -10 -12 6 -13 -16 -13 -16 8 -14 -17 18 2 -7 2 -12 -17 18 -12 -13 -2 3 12 -2 -1 10 -13 18 -8 2 -14
-7 -18 18 -18 -4 -16 -1 -9 9 -14 -7 15 2 20 -3 10 2 -3 1 12 11 8 20 -15 -1 17 11 -10 -12 -15 -17 -3 -8 6 14 -19 20 10 -15 -16 19
14 9 -10 -14 -11 -2 0 5 0 15 -11 -12 -20 -18 15 0 6 -12 20 3 -2 -20 0 -2 -5 -16 19 -11 16 -4 19 3 -5 11 -13 -1 12 -4 16 8 -18
-14 -17 -12 -6 -3 -5 19 -7 -10 -11 -14 -7 -16 -4 3 3 -18 -8 0 -3 5 -19 8 -4 17 17 13 8 2 -9 17 -16 5 11 -12 -5 10 16 12 14 -10
18 16 10 18 9 7 -19 9 0 -4 11 -9 1 3 17 12 1 -14 -15 5 -4 -15 -1 -3 6 3 -17 -19 6 -18 -6 -18 14 5 -15 8 0 9 11 13 -18
0 16 -20 12 -10 -4 12 -10 18 8 3 -5 -5 4 6 1 3 15 -18 -17 -12 1 -4 -13 -20 17 1 5 0 -14 2 8 -13 17 -18 -10 -1 16 20 -1 13
0 0 -2 13 6 -2 1 0 7 7 -14 2 12 19 7 12 -15 12 17 18 -3 -9 9 -2 -13 16 19 -5 13 19 -4 6 -7 -9 17 9 17 -20 9 1 -10
-20 -7 13 10 -18 -16 -4 -1 -11 1 9 -16 -1 -5 18 15 9 -15 -5 -11 6 -16 -6 15 1 15 -3 -19 15 -3 -10 16 16 20 15 -1 0 12 13 -18 -5
-20 -6 -5 6 -16 -3 16 -3 0 -13 -8 -1 11 10 -6 -5 11 13 -1 18 6 15 15 2 9 20 -3 -19 -5 -17 -13 18 -17 14 1 -11 16 -20 20 2 10
-10 7 -7 -2 -19 0 -19 10 4 -13 13 -2 -6 8 -18 17 -17 8 19 -10 12 20 -12 1 -19 20 -10 19 -20 -18 -10 -2 -5 -17 -13 14 0 -1 10 -13 -10
7 16 -9 -3 -12 -10 -10 7 15 18 -10 -5 -19 -1 -1 -5 8 -15 20 -13 -14 -15 -12 5 0 -6 -11 -14 9 -2 -17 3 -10 13 20 -8 1 -2 8 -19 0
10 -8 -2 -9 13 4 12 -15 12 17 -10 -19 12 -8 11 -3 6 2 -5 -2 13 -16 -4 3 20 -4 6 -3 -2 3 -20 2 19 4 4 7 18 -14 2 15 -14
-13 16 -17 -1 -4 -14 -8 -3 -15 0 -12 10 20 15 4 -8 -18 17 -9 -16 9 -9 -8 8 -3 18 18 4 -7 4 -4 -5 17 -13 -10 7 -13 -20 13 -9 -16
1 -17 -4 12 -3 2 2 -4 6 -5 -9 13 -2 -7 5 13 -9 18 -16 7 -13 -9 -1 3 -17 20 20 10 -3 -20 10 12 -13 10 10 14 20 -20 16 8 -4
-3 20 9 10 -9 -11 0 -7 13 7 8 -5 0 -18 3 19 -13 -15 15 -4 6 17 -10 12 1 -16 -13 -8 2 20 -10 12 13 -9 5 12 -3 -8 -4 17 -3
0 -9 -20 -2 13 -11 6 -18 -3 -8 16 3 2 -12 -8 -17 -15 -10 11 16 12 -4 20 -17 1 4 10 -14 13 -11 13 19 -8 12 -10 -6 15 -5 16 -11 15
3 -14 18 -7 -17 -3 4 11 0 6 -19 -8 12 8 4 -6 14 -15 5 8 -13 -10 18 -5 -11 17 13 0 -18 -12 6 -13 -18 -19 11 0 -13 -7 -9 5 -17
20 -14 -4 -15 -1 0 -17 -17 -12 20 3 -3 17 -10 -5 -5 1 -11 -11 17 5 -6 -10 -20 -9 0 4 18 -17 -10 -5 0 16 -11 -8 19 3 -7 1 -12 -3
3 -10 2 0 8 -1 11 0 -8 8 10 18 0 -19 19 0 20 -20 -11 4 -12 -7 -14 2 7 15 -5 -12 -1 -19 -16 -10 -13 1 3 4 19 -16 1 5 7