37 41
-4 -12 19 13 -16 -5 0 13 -14 -9 16 -15 12 -3 -15 11 12 -13 -8 0 -9 -17 11 -15 -8 19 -17 17 13 -8 19 8 17 -3 14 12 -16 -4 5 3 13
-7 -6 0 -7 1 12 0 -9 6 1 9 -17 -13 7 0 19 3 -15 3 -19 -4 -7 -15 4 18 5 20 1 3 -3 -1 3 -7 -13 -16 4 -1 -3 -12 18 12
-8 -4 0 -8 18 4 -10 19 -6 12 -18 -15 2 0 6 -8 -17 17 3 -9 -4 -18 12 -12 0 -5 19 15 17 -17 15 1 -19 12 -3 -14 4 -8 -19 17 -19
11 9 17 -2 -5 -19 12 -15 -3 11 17 10 10 7 14 -18 -3 8 12 11 -3 17 -2 -17 17 8 -1 20 7 7 9 20 -6 8 15 2 -14 -2 2 -1 -8
-3 -11 10 -7 8 11 4 7 -7 -6 17 10 -1 8 -8 0 -14 -2 10 10 19 -14 9 -7 13 -13 -7 -8 13 9 20 -14 12 2 -9 -17 -8 -5 18 5 6
4 -2 -12 15 -11 -18 10 7 -14 -12 -13 -18 -5 4 14 19 -9 -19 -11 14 9 -6 15 -6 -7 3 13 19 -3 7 -19 -13 1 -3 2 -8 -10 15 10 2 13
6 8 10 -1 18 -3 -12 -10 18 5 10 -4 10 -2 -1 -6 -14 2 19 -12 -3 -4 -15 -13 16 -11 16 15 7 -2 -4 -7 7 16 0 15 -14 17 6 17 11
-3 8 -15 3 -15 3 -15 -15 -3 -15 -12 13 -18 17 -8 -14 4 16 5 7 17 3 11 10 18 -10 15 -8 4 -11 18 1 4 2 -8 7 17 0 11 9 11
-8 8 20 -18 -12 -5 3 15 6 -4 17 11 10 -3 -4 14 -8 -10 6 -11 3 -6 -1 18 19 15 -17 -5 -8 6 4 -17 -17 -2 -19 1 12 -11 -15 20 16
-8 -9 -13 -18 -16 -10 13 -15 -11 -5 10 18 10 -20 7 16 17 3 15 -12 -9 19 10 -5 19 1 -20 20 5 -7 -15 -6 -13 15 -13 -17 1 1 -1 9 15
2 3 -9 -14 -8 -7 1 -14 4 -1 2 -18 3 -7 7 -3 16 10 -11 14 16 -10 -12 0 20 0 1 -11 -8 2 12 -3 8 16 11 20 20 -13 19 5 18
-13 11 0 -15 2 -11 18 -15 3 13 -16 -14 -12 5 13 -4 11 -10 18 -20 14 5 0 4 18 -2 -15 7 8 -10 8 -4 -8 -4 -7 -1 -8 8 2 8 11
-18 -20 2 18 -1 -7 -12 -15 9 1 5 -20 3 -5 -16 -4 -18 -10 -20 -1 -19 -17 17 6 -15 -16 14 -15 -20 -8 3 13 -12 -19 -5 -9 17 -6 -19 -17 -14
-3 -6 15 -2 -5 0 19 14 20 -18 20 5 19 4 -9 15 10 -8 16 -12 17 -19 -17 19 10 -1 -14 -14 -9 -6 -10 -4 19 11 7 -2 5 8 19 4 3
19 -7 -15 9 8 -2 -15 1 -19 19 2 -9 10 -10 -15 -2 19 -8 -10 0 -19 14 -1 -1 -7 -18 16 8 -5 4 -14 -10 4 -19 1 -3 6 -13 1 -17 -12
4 -11 20 6 2 1 -20 -17 -17 -18 3 5 20 17 0 -2 1 18 12 15 6 -8 -18 14 -7 17 -12 15 13 -13 -5 -14 -10 -17 -11 18 -7 -11 8 1 -15
19 13 19 16 18 8 16 -4 2 19 -16 0 1 -5 -14 7 -11 13 -10 9 -20 -18 5 -10 9 -13 4 -18 -6 -6 5 5 -10 -19 -7 -9 -16 -6 20 -11 -6
-16 17 11 2 1 2 -1 15 16 4 11 1 18 -14 -1 0 -18 2 14 4 -9 4 7 -19 -4 0 -1 2 3 16 -8 16 20 -17 11 14 6 -3 -13 2 -15
0 -2 -2 20 2 -9 -11 -17 5 18 -8 -18 -2 20 12 -3 -17 14 0 -11 11 13 8 -3 -4 12 -18 -14 10 -16 9 -5 -3 11 7 -5 -18 19 -13 19 -15
-19 17 -16 13 -3 6 -14 -10 -8 15 19 14 8 9 -8 -2 -14 3 7 14 -17 -20 -1 -13 8 -2 -16 5 3 8 -14 12 14 -15 -6 0 19 -2 -11 0 16
-17 3 10 16 16 10 -12 -7 -6 11 -14 -15 -13 -4 -7 5 -17 9 20 -10 4 -16 5 -1 5 18 18 8 -13 -20 -11 -20 1 -17 20 10 -7 18 -13 10 -4
-6 14 20 -1 -10 -14 1 20 14 4 14 -4 -18 -3 12 -19 -2 -12 -2 -18 1 -5 12 4 -15 20 20 -8 3 17 -17 11 -3 20 7 -6 -18 -5 0 -11 -19
10 -7 10 -20 -6 0 -15 -3 13 18 1 -2 -18 -14 -5 -10 7 6 -2 -14 5 -11 16 -10 -9 13 0 4 3 -3 -14 -6 1 5 -15 15 5 -16 -7 -11 -19
9 8 -16 9 10 13 14 3 -7 -1 -4 8 -14 -17 -13 12 -7 -9 -7 11 17 0 18 8 18 8 -15 7 6 -9 1 -5 2 17 -8 5 14 -5 5 -1 17
-4 -5 12 -1 -1 2 10 14 9 4 2 0 -14 0 1 0 -7 -17 -1 -12 -4 6 6 16 9 16 12 15 19 -5 13 -12 16 10 -11 16 -13 15 14 5 1
9 4 4 10 10 -14 4 3 17 9 1 -17 4 -5 17 -13 -1 -13 2 1 10 5 -13 6 -8 -2 16 -14 9 10 12 4 -15 -4 -5 17 20 -18 -2 2 -15
20 -20 -16 -19 -7 7 -6 8 -8 2 -8 1 20 18 14 8 -2 1 -11 13 14 -8 -5 -7 19 -19 11 10 11 0 4 19 14 17 10 -9 17 -6 13 2 6
-12 -20 -14 20 -12 6 -16 6 7 -7 8 -5 -18 -4 -9 1 -15 -7 -17 -11 -19 -20 -15 -15 15 -17 -16 -14 -20 13 14 -1 10 4 3 0 18 -2 6 2 19
-20 5 -7 -8 -20 2 -9 18 19 -11 -5 -7 -15 -1 1 -7 2 -6 -1 7 -17 4 4 -17 -8 14 -12 -18 0 -13 -16 -2 16 12 15 -12 4 18 17 6 -15
6 -5 -15 -18 -17 9 19 16 -14 -9 8 7 16 -16 5 5 19 -15 6 1 6 -15 17 19 -18 -14 10 -19 -4 20 19 3 -16 1 13 -14 13 -9 5 20 3
6 15 13 -4 -12 13 -10 8 -1 -18 -20 -2 -17 1 8 -1 18 -15 -1 -7 -15 -6 2 -5 8 11 -2 3 -13 7 0 13 -20 12 10 -12 -17 10 -7 8 16
7 10 -20 18 18 -6 -1 -4 4 0 -13 -6 -14 12 4 9 -1 20 -1 4 12 5 6 -2 0 -15 -13 -13 7 16 -8 -8 19 8 -4 -13 -15 7 2 16 5
-14 8 13 -7 -2 10 4 -5 -15 -17 16 -19 -10 10 1 -17 18 -13 -14 -19 -5 9 19 5 9 -14 15 16 7 -6 -16 10 -16 10 -3 10 15 11 2 9 -10
-3 -20 19 -10 18 14 -14 -11 6 3 15 -4 6 8 8 6 -8 19 -6 -6 9 2 -17 -15 -4 7 16 -1 -17 -12 12 -14 13 -14 20 19 5 11 -2 15 -17
-2 14 14 -15 -12 19 -20 2 -18 17 8 -6 7 -19 -3 0 -17 -9 2 16 -3 -19 11 1 5 -13 -1 -19 18 8 -9 -4 3 13 -19 -9 -8 13 -19 -6 14
-17 20 -10 10 4 -2 14 16 9 -2 -18 3 -18 -17 7 2 12 20 -4 20 -14 20 19 4 7 6 17 7 -16 17 -16 -1 15 11 10 2 -6 10 20 -16 20
4 7 -14 -7 -8 -17 15 -19 -10 -3 -19 6 11 6 14 11 -6 0 0 -20 7 8 14 -1 13 9 15 3 9 14 -12 -8 -15 20 15 -17 11 -18 -19 -8 3