37 41
19 -2 4 -1 -2 13 1 -11 -9 19 -7 -9 18 17 -20 -3 0 8 -6 -12 -15 7 16 -18 13 13 -11 6 -2 -7 4 -18 13 7 -9 8 -20 -1 -18 0 18
-8 -7 0 -20 11 -10 1 -1 9 7 10 -1 -2 3 17 -1 18 -14 -6 4 16 8 -19 -19 1 -4 11 -12 11 10 4 -20 -16 5 19 -9 10 8 0 18 19
-6 11 -20 4 1 7 1 11 3 -10 -3 9 -11 -16 -11 8 -18 -9 -16 -13 12 -8 6 -12 -10 1 -8 -19 -7 0 -19 10 -8 14 -6 0 8 12 3 0 14
0 -4 6 5 -20 18 -11 -11 9 20 -19 -8 -11 12 11 18 -15 -9 -16 -19 5 14 4 16 -16 -6 -7 -6 -18 -1 18 3 8 13 7 1 16 -13 -2 17 -13
-10 -6 0 -13 -11 0 -10 5 7 8 18 -15 19 0 -16 -19 -20 12 11 -4 -8 -10 -17 -5 7 18 -19 -15 4 16 -19 19 7 2 12 -20 -16 3 18 -16 -11
16 1 -10 6 1 -20 14 7 -19 9 1 -14 1 9 -12 2 -14 4 -19 -3 -16 14 -8 -3 -4 -5 -1 3 14 -18 -12 -16 -1 6 7 -17 16 10 -17 -19 -11
-13 -14 -17 12 -20 7 -20 9 -4 2 9 14 1 -6 -10 18 12 20 -13 1 11 16 -7 14 -12 -8 -9 -10 8 5 -13 7 -13 6 -20 -4 10 0 10 -9 -8
3 11 -10 8 -4 -2 20 4 -7 -16 -6 -11 -19 5 -7 -13 12 15 -19 -19 13 18 4 -10 -8 -5 -5 1 15 14 6 -17 -15 -14 -10 -1 -18 -7 9 -5 6
11 9 -5 -18 12 -7 20 3 2 17 -1 0 -5 14 10 19 -11 16 9 2 -6 -2 -7 19 11 13 -16 -6 6 -5 5 -20 15 -3 14 19 2 0 14 -1 14
-17 8 -8 -4 6 7 -7 -19 7 17 14 -8 5 14 -6 8 -5 18 -18 -9 -10 1 -10 -7 10 -3 12 -5 -18 12 -12 -6 1 2 6 -12 -15 -16 16 6 15
-11 -18 6 8 12 16 19 4 -5 -15 2 -3 -10 -15 -19 12 1 5 15 1 2 -5 -5 14 -3 -16 -11 -11 -10 -1 17 -15 -1 -13 16 2 2 -4 13 10 7
-13 12 1 7 -5 -18 -2 3 9 0 1 2 -10 4 13 -19 8 15 -4 10 20 -15 4 3 0 -3 -6 -2 -18 -9 13 8 18 -11 -17 -12 -14 -7 -10 -5 -5
4 -4 9 -7 5 10 14 -11 -2 -3 -7 11 -10 19 11 19 -6 18 -13 0 -10 1 0 13 -15 -15 19 14 -10 -11 -17 -16 12 -3 14 9 -11 -4 12 -4 5
-7 7 6 6 0 7 -2 -1 15 15 5 -16 14 5 15 1 19 -9 20 -8 -3 14 6 16 -5 7 -13 -13 18 15 9 6 -8 6 -7 -17 -14 -20 11 3 5
17 9 -1 -19 -8 8 -10 -11 10 0 -15 8 9 17 -3 12 11 -1 7 -10 -13 1 -7 -5 4 -15 14 -1 -14 2 17 1 -4 14 -2 4 15 15 8 9 -14
14 -18 -3 -18 16 10 8 -8 -15 -13 -13 -1 3 20 -5 13 9 15 4 -2 -10 -6 -12 -19 -15 20 -10 -15 17 9 -3 12 0 -20 3 20 5 20 8 20 7
-10 -19 -18 -7 18 15 10 -10 14 18 -11 -4 -4 5 -11 -9 -3 10 2 -15 -2 -1 14 6 -16 -14 17 17 -19 -20 -8 11 -15 9 -16 -1 -19 -6 14 -10 13
-11 20 12 8 18 9 3 20 5 -4 16 9 16 12 -1 -3 -5 2 20 3 1 2 -15 14 -5 16 3 4 18 6 5 3 1 -17 20 -11 13 3 18 19 -2
-14 20 18 15 3 14 -15 -10 13 5 -15 1 15 -5 -19 -6 -9 15 0 14 -6 -19 -15 10 -8 1 8 4 -20 -3 6 14 19 2 -3 -15 12 -1 19 10 5
-5 -18 6 -8 9 -18 -7 19 7 17 -17 -4 -16 17 14 -11 -11 -20 12 -6 13 -6 -2 20 7 1 4 -8 18 10 10 15 -14 11 -10 6 -10 11 7 -2 9
18 2 -14 -8 19 0 -17 20 -2 12 -2 6 18 17 -2 -15 -16 -7 -17 6 -14 -4 16 17 20 -10 -17 -6 -15 -16 8 -7 -8 10 -1 8 16 -3 -16 -19 6
-17 19 -18 18 -7 -14 18 6 9 -6 -4 12 -14 -20 20 -2 0 -20 12 10 9 4 0 12 -10 -3 -3 14 20 -16 -13 -10 4 17 1 19 17 10 8 -7 -14
-2 -5 5 6 -6 9 -3 -1 2 11 12 -15 -7 0 5 -5 7 16 0 0 0 -10 6 -11 -16 7 19 -18 -13 -20 12 -20 -10 -6 11 -14 13 -14 -7 -5 19
17 4 20 4 18 10 -17 6 0 18 19 -15 -16 20 -15 16 -4 -4 17 18 -3 -19 15 5 12 16 -14 -19 -8 -7 -18 -10 -13 18 1 9 -1 10 -9 -12 13
-19 -20 -7 -8 5 -1 -11 20 19 -5 18 -3 -7 0 5 -15 -12 15 16 -20 15 -10 16 13 -1 -12 -19 -18 16 2 9 15 -20 -20 10 -20 19 11 -10 -12 16
15 -17 11 -1 -10 10 -2 -19 8 0 1 17 -5 16 -6 -4 7 17 -2 12 -20 -19 14 14 10 3 6 3 7 -14 14 6 -3 -18 12 -19 13 10 3 0 -1
9 4 18 -20 -12 -13 -10 7 -8 -14 -15 13 4 2 17 9 -8 8 3 7 -8 -8 1 8 -19 -6 -20 -5 -8 -13 -4 3 -3 -13 20 -17 3 -4 -8 20 -5
11 18 19 -1 20 -14 -7 -16 2 5 10 6 18 -13 -2 -14 -18 -6 -8 0 17 11 -9 -16 -1 20 -14 8 15 17 -9 -19 -17 -16 -20 11 19 7 -18 6 -3
8 -18 -13 5 -3 -16 11 20 -7 -8 -15 -8 -9 6 -17 -6 -15 -5 -20 -12 7 -2 4 -3 16 4 -18 15 -19 -14 10 -15 13 -7 20 -5 -9 -18 -10 7 4
20 -5 14 -4 18 4 -10 -2 -1 7 -1 20 6 3 -3 19 -17 0 -8 -15 18 -8 7 1 19 10 -12 20 -7 -16 1 13 17 6 6 0 -14 16 19 -13 -9
3 5 3 16 -9 -11 -20 -17 18 -2 -13 18 15 9 10 -19 15 -10 -14 19 -18 -19 -20 -4 12 13 19 -10 -5 -12 2 -12 20 -18 -20 4 -15 -6 18 19 8
19 -18 -18 15 -19 -9 -10 18 -20 0 -5 -8 3 -2 -14 11 -16 8 -11 11 9 -1 -10 10 -10 18 18 0 -16 1 9 -6 -1 8 -19 -3 16 -3 -14 10 -13
0 -5 -19 -1 2 -6 0 9 2 -5 -3 1 -7 8 -14 -2 7 12 -11 7 1 10 5 -1 -16 1 -6 12 -7 19 -8 11 3 14 -16 -20 20 0 16 -5 -5
-11 -4 15 14 16 -14 19 13 8 19 0 -9 -12 3 6 6 15 2 -8 -17 -10 15 -6 -20 -20 19 20 4 -17 -5 7 0 -1 -19 8 14 -6 10 5 3 -7
3 0 10 -15 -3 -3 -12 5 3 -7 20 -17 -6 -5 -3 -2 14 14 15 -18 9 -19 6 19 9 4 14 11 18 -15 4 20 -8 -9 17 2 -20 -11 -9 -3 16
-3 20 -8 -8 -11 -9 -14 4 -17 20 17 12 9 -8 -11 -12 -14 -4 -18 -11 10 -20 -4 -16 -18 -10 20 19 17 -14 13 20 -8 2 2 15 14 3 -20 -15 -3
-11 19 -8 -8 19 14 20 13 11 -15 -15 -1 -12 -11 11 0 13 -9 6 -9 14 0 8 18 10 -18 -5 17 0 12 8 13 11 8 2 -8 -11 4 -16 1 19