37 41
-20 4 4 9 9 12 -6 -17 0 5 -6 -4 -15 12 -7 5 -3 10 -16 -8 -5 -2 6 -14 0 13 -5 4 -6 -3 10 5 -13 8 15 -10 -20 3 10 1 -10
1 -16 -18 -4 -2 -9 -4 -8 15 2 -1 -16 17 -20 -13 -8 10 7 17 -20 -9 11 -16 10 18 -12 15 18 13 17 5 20 6 -6 13 -2 16 -3 15 19 2
-13 1 7 -4 -10 16 5 -4 0 16 19 2 19 -2 -10 -1 -19 -7 8 10 -5 -5 -10 18 10 6 16 -13 -6 14 7 12 16 -11 8 -6 -18 -8 17 -8 -3
6 17 6 1 1 -1 19 16 20 -2 4 -9 -7 20 -6 0 8 17 -10 -11 -13 8 -2 13 -19 -5 12 0 -18 4 8 15 -6 -5 17 0 -1 -17 -19 -8 -17
-5 -7 -4 -10 -2 -16 14 -17 6 -20 -5 -1 -12 -3 -8 -1 10 -3 -17 -1 8 13 -7 -17 -14 -15 19 10 -14 8 -6 11 -4 9 20 -17 14 -7 7 1 13
-6 -6 17 4 12 -3 18 11 -14 12 5 18 17 -16 -17 0 -17 16 20 5 -7 -5 8 -18 -2 18 13 -12 12 8 -13 9 6 -18 -17 -8 11 -4 -9 4 -5
13 -16 -10 -1 1 -9 2 -10 -6 -12 2 7 8 -16 -15 16 5 -20 -12 -3 14 10 3 8 -9 -6 -11 11 2 -8 -4 16 14 -5 -18 -12 9 3 -3 16 1
-2 12 -8 2 17 -6 -7 -20 -7 4 6 7 15 -17 -15 0 -15 17 17 12 -7 -11 8 -15 -15 -18 2 -13 12 6 5 -2 -5 0 11 15 10 -7 -11 19 13
-18 17 -13 -17 -6 -16 14 12 2 8 -13 18 -10 2 -2 -20 -9 -20 13 -5 19 -16 4 16 7 -5 -8 2 15 -17 20 1 -9 4 3 11 1 -3 5 1 0
-7 11 1 -10 -1 -5 12 13 -19 4 -18 -11 12 -4 4 -2 0 -8 -4 18 18 10 17 13 1 5 0 19 8 -16 -10 -4 -6 7 -9 11 17 -19 12 -18 14
4 9 4 20 13 13 -16 -10 -12 0 -13 -7 -12 17 18 19 -2 -10 20 10 -7 18 -9 -3 13 10 -11 7 5 1 -14 -11 -9 -9 -5 -2 -7 6 -5 5 -14
19 5 -15 19 3 -13 17 20 -13 -16 -8 -17 7 20 -14 1 -1 -18 -5 -1 -3 10 -10 3 -11 -19 -6 0 -11 17 -8 -6 -14 13 -15 5 -16 2 -9 14 6
-1 -16 -14 -18 8 12 17 -15 -4 -4 15 -19 -17 8 7 -10 -2 -11 -7 13 15 -2 -8 5 14 -5 17 -20 12 8 14 20 -9 17 -6 16 5 2 -7 -2 -9
4 -20 5 18 -6 -7 7 0 16 11 -9 -18 1 14 2 19 0 13 -1 -12 1 -11 -19 0 11 1 -6 1 -2 11 10 0 14 19 -9 7 9 -5 13 15 10
11 8 12 -2 0 2 13 -11 -8 8 12 -6 -19 6 -6 4 -5 16 -4 -3 -7 -11 -6 -4 14 15 2 -8 -2 -12 -7 -14 -9 6 -10 3 0 -8 -3 8 15
12 5 19 7 0 -16 -15 15 12 -17 -12 -14 -9 9 -7 2 -20 -18 -5 11 -3 -11 -11 -6 0 -5 12 -10 6 -9 -4 20 0 -9 11 20 -18 -18 -14 9 0
11 11 -12 1 -8 -3 -12 -16 7 -10 10 -8 7 -3 7 -20 -7 -17 11 2 13 9 15 -2 19 -19 2 -4 5 -6 13 0 17 -3 -11 18 12 8 5 -1 0
-3 -16 18 -5 4 14 -14 -8 14 12 3 19 1 6 5 -10 12 -8 0 -7 9 -17 -14 -1 -7 -13 -5 1 5 1 -2 -7 -7 -3 9 -2 -10 -6 -2 2 13
2 0 -14 9 -4 14 -11 -1 -4 3 6 10 6 -5 15 -15 4 9 2 12 4 15 14 -9 1 -7 -8 -2 -7 -1 8 -5 7 6 -19 -14 16 -1 -20 1 0
13 0 -15 9 17 -10 1 6 -10 8 3 -6 10 15 -19 3 -20 14 -6 4 -17 0 -10 10 6 -10 8 -13 19 -8 -8 -12 -7 16 16 17 -8 -12 8 1 15
17 5 -16 1 -8 19 3 19 -15 -6 16 -4 8 -12 20 9 8 -4 -1 0 -10 -2 -6 -18 15 -13 -14 10 -15 -2 -20 18 18 11 -3 -20 -6 -9 -17 -11 8
-3 4 4 -7 12 3 17 -20 -12 -2 -12 -9 11 12 3 20 -18 -6 -14 16 1 -3 14 9 14 20 13 -3 7 -14 6 5 -17 10 9 10 -12 9 12 -15 -12
16 -17 14 7 -2 -14 0 -8 11 9 -19 -15 -14 2 13 -10 -11 10 18 3 -20 -6 8 -7 -4 -12 11 9 20 -13 7 -14 2 1 15 3 -6 -19 -9 19 -15
13 -17 -18 -3 12 3 5 19 17 6 -6 -1 20 -1 9 0 1 14 -13 5 -4 7 9 -20 17 -1 -9 15 -19 10 -19 17 -17 18 0 -16 6 1 -2 3 3
8 14 17 12 4 -7 -18 -17 18 -8 -20 -9 -8 -18 3 19 -8 6 13 -1 17 -18 -16 1 -12 2 -5 8 -13 -5 17 18 10 -8 -13 -15 11 10 -12 -12 -17
-10 18 -20 -6 -12 -19 7 -18 18 -13 -2 7 13 -8 4 7 6 -20 12 -5 -18 20 20 19 -5 5 -4 4 -19 17 13 18 -7 -16 -14 12 20 -14 18 -16 -19
5 4 -15 9 -11 9 -7 -5 7 16 -3 4 -6 6 -16 13 19 -6 -20 -1 -20 17 -1 0 -7 16 -12 12 -20 3 19 13 17 0 -19 0 7 -1 -10 4 0
-20 -15 19 17 -9 20 11 5 8 -3 -14 0 -12 14 15 2 -6 -20 -3 18 5 -20 11 -12 -13 3 20 2 -19 -16 -11 -17 -17 0 17 -4 -9 20 -4 0 12
2 -6 16 12 1 -15 4 9 -16 -3 -6 5 -18 18 -5 -5 15 20 -16 6 2 2 -7 -17 17 6 -3 15 -8 -15 3 -19 1 -5 -11 -13 10 -8 -11 -20 9
19 -3 -3 5 -9 4 -1 -17 -2 -20 7 7 12 -3 -8 -14 -18 3 -16 15 -11 -8 4 17 -2 10 14 1 -15 -6 14 5 -9 -10 18 4 -4 11 19 7 -4
-17 -7 -2 -14 -9 7 12 -12 -5 -16 3 -12 -14 -19 -6 16 -18 6 11 17 12 5 -13 -20 -8 5 -7 10 14 9 -2 3 20 -16 12 -20 -13 -16 6 2 -14
-7 -15 10 -13 15 17 15 12 14 -17 -3 6 4 5 6 6 7 11 -6 19 -3 20 -13 19 -1 7 -20 -4 -19 -2 0 3 7 15 -4 -10 -6 15 -14 -17 -1
7 -18 2 6 -16 -19 -20 12 -1 -11 -15 13 -20 14 -20 7 7 15 8 -7 19 -14 -2 17 3 -18 18 -1 -5 -8 -18 3 -2 -3 -9 15 -4 -4 0 13 9
-1 2 4 20 2 13 19 -20 -13 20 -12 -5 -4 -16 -11 -4 8 0 1 -18 -5 -10 12 2 13 10 20 -2 -13 19 -16 0 9 -13 11 10 17 -16 9 12 -8
9 6 15 10 -4 -19 -9 4 -14 3 -6 -17 0 -13 10 14 6 -8 16 2 15 -14 -10 17 5 18 13 7 18 11 -18 7 -16 -9 -15 3 -11 17 5 -2 -9
-17 -17 -14 13 16 -6 4 10 -9 19 5 20 10 15 10 -3 1 -2 7 12 -12 -11 11 17 -1 7 5 11 -20 14 1 14 -3 -20 -8 -18 5 -12 -18 -20 11
-18 -6 9 2 19 -3 -8 -9 -19 8 20 -17 10 -7 -12 -3 4 -10 -11 -16 4 12 19 2 7 4 -11 0 10 1 13 -14 9 -2 -13 2 -5 -17 -17 1 7