37 41
8 -5 -10 -13 2 -14 11 1 -9 -11 -20 15 -13 6 -7 -15 -14 10 -11 1 16 -20 7 -9 9 19 -17 -11 -18 18 8 -3 9 8 -19 9 12 19 -9 -1 -3
-10 11 -10 -6 -6 12 -11 -6 3 -7 5 8 20 -2 -12 13 -15 11 -17 9 7 16 -14 17 7 -12 -3 1 -5 1 -20 -15 7 -1 5 -13 20 6 -4 4 -8
-19 -13 -9 -2 4 1 10 4 11 -19 -19 14 -17 14 -5 1 -9 10 12 7 16 -5 -17 -13 15 1 11 20 9 -13 1 -13 -20 -11 3 18 -8 -2 11 13 -5
-2 -20 -5 -10 0 -3 1 -19 0 -1 -17 12 -5 1 5 1 -1 -7 -10 8 8 10 1 -11 -7 2 9 19 12 -9 -11 18 0 10 -5 1 14 -11 2 -7 11
-9 -13 4 -9 11 -14 19 7 5 -19 -13 -6 7 -16 1 0 20 -20 -10 5 0 -7 -7 2 17 1 -19 2 -19 -12 6 -1 14 4 15 -3 20 -4 -20 15 5
9 -6 8 -4 10 -3 -12 -17 -10 13 -20 -8 -16 11 -3 15 11 15 -18 18 -2 14 -20 15 16 17 -4 6 13 -1 -15 -16 -4 7 -11 20 20 -18 6 -5 -19
12 10 -14 -7 20 -1 14 17 15 -17 -3 -13 7 17 -7 -9 -7 -8 12 18 -19 -10 19 -5 -5 -14 10 9 -10 -18 -13 -16 0 -9 9 -14 -18 17 -18 -6 10
0 7 -18 -8 -16 2 3 -15 18 12 12 13 -4 0 12 -6 6 17 -13 -2 -8 0 9 19 2 20 20 12 -4 19 8 -6 9 -4 17 -1 -3 8 12 -2 -11
16 -3 6 5 11 -7 4 10 2 -8 13 -12 -5 -14 2 -8 12 -17 -20 19 8 -17 1 6 -1 8 19 19 -11 19 -10 1 -7 -16 -10 -2 12 -10 20 -14 -18
0 -19 12 -12 13 0 -18 3 -18 -17 12 12 -17 -18 1 -17 -8 16 -1 16 13 -15 -15 16 -8 -3 -17 5 -7 -16 14 -20 5 -19 9 -2 -7 -20 3 1 -1
-13 4 -6 -14 -18 4 -7 13 -17 -10 -9 -7 -13 2 -3 -12 14 16 -20 3 -13 -10 1 12 -7 2 20 -12 -15 12 -9 -13 12 -10 1 -13 -13 7 -18 -10 -16
-20 17 19 -19 -9 12 8 0 8 5 -19 -8 11 -10 -8 -15 8 -19 17 20 15 -1 9 -8 20 14 8 4 -8 4 12 6 -2 -19 18 20 -19 -16 -11 -1 -14
8 -15 10 -14 -11 13 10 -11 -10 15 -5 7 12 -10 13 -20 -4 2 13 18 -14 1 0 10 -12 -6 7 -10 -6 4 -9 5 -17 13 -4 -6 -16 -4 -7 7 -1
13 -15 5 -8 20 -7 11 8 -15 -17 15 5 -18 13 5 -12 12 -12 7 4 17 9 -14 2 17 -10 -7 7 1 -5 17 7 -13 -2 2 -1 13 14 -16 -6 -11
-13 -1 11 -5 20 -2 3 0 4 20 7 -14 -18 16 -13 -11 1 -20 0 17 5 -1 -4 20 16 19 -8 -13 9 -19 11 13 -19 20 2 12 -1 -12 14 8 5
0 -15 12 -5 -19 4 1 10 10 -20 -9 3 -10 7 8 -2 12 13 1 -8 2 8 10 1 18 5 13 -20 -13 5 7 6 13 -20 -5 7 -2 5 -6 -2 -8
-19 -2 8 2 7 -6 -5 -16 -19 1 1 4 19 -14 -19 17 -18 13 20 16 -12 -18 -7 6 -6 -16 -9 1 17 2 -15 6 6 2 16 3 -4 -18 -13 -11 20
0 5 14 -9 12 -6 0 -6 15 7 14 16 12 3 -13 -2 -6 -6 15 2 16 -1 11 2 19 1 2 -19 -13 13 8 9 -5 13 11 9 -17 -9 -18 6 6
-16 -17 9 6 12 16 5 0 -11 9 18 -17 -14 -10 -11 -10 -16 -19 18 -14 4 -18 -4 17 -18 -7 -12 14 -2 6 -15 20 9 0 -1 -19 -7 17 -11 -9 -5
-6 -17 19 14 18 -2 -2 -8 -3 9 -1 13 8 -4 14 3 11 11 18 -13 -19 12 -4 -12 -20 3 5 -18 11 19 4 15 -10 -3 19 8 -8 8 -15 -15 -16
-8 4 13 0 11 5 7 -1 7 7 0 7 1 -13 17 -1 15 -7 -18 6 -12 11 8 -17 -11 8 10 9 -20 -9 16 -9 15 8 -13 -8 20 14 15 -2 2
-17 -18 14 7 17 4 20 -12 -10 -19 14 2 20 5 14 13 -2 -8 -11 -10 -12 20 -4 -15 -5 10 16 -1 14 10 -2 2 -16 1 -9 -6 11 -8 1 -7 -18
17 -6 -11 -16 -12 -5 2 -15 4 3 -8 -2 17 -4 0 6 14 -5 6 19 13 14 13 -2 -20 -6 9 16 0 7 -10 -9 10 6 15 -6 -7 -12 -16 6 10
20 -8 -19 18 0 2 14 14 6 -14 19 -8 1 -11 15 -13 8 -16 -1 16 -19 -9 -9 -4 5 -19 6 -4 -17 1 -19 19 13 16 -14 11 0 -8 1 2 -11
-5 9 -11 1 -20 -6 -13 -19 12 15 -15 14 -19 -19 -10 -19 -19 16 -13 -14 -11 -18 -6 11 -17 -17 -17 20 2 -13 -17 0 13 15 -17 2 -17 0 -8 -8 15
-9 -4 4 -17 -18 11 13 0 -8 13 -5 -15 4 2 -13 -5 -19 -12 -9 -7 11 4 1 -9 0 17 6 -16 14 13 -7 -20 20 0 13 16 -18 1 16 10 -12
15 14 -6 -4 -12 20 -18 3 -18 4 -9 11 13 -20 -9 0 -8 11 -8 6 15 -19 7 -16 17 -8 16 -16 -7 17 -1 -15 -11 17 -12 -14 -3 -2 -16 17 10
-11 -9 -3 -5 -7 -6 -19 4 8 -12 11 -20 -7 18 18 -5 -7 20 1 15 16 3 12 13 -3 0 0 -11 20 -11 2 7 -7 -9 -3 10 -13 -17 -5 7 19
1 2 14 6 10 9 -8 1 10 -20 -7 10 -11 -14 0 19 13 -6 -16 15 -6 0 -1 14 1 -9 3 13 -20 -2 -14 12 19 -3 19 13 15 -12 15 -20 -17
1 -9 5 -1 16 20 -10 -5 -6 7 -8 -20 5 6 -17 -5 -4 -2 8 -19 18 4 16 -15 19 -17 12 -3 10 15 14 -14 -3 -9 0 5 -15 -4 -17 -13 13
-3 -20 -7 1 12 2 -13 8 0 13 -16 -20 -17 -14 -20 -1 2 2 12 10 -1 -14 8 -11 0 -13 -6 5 11 -2 19 -13 4 -4 -15 0 2 7 -12 -5 -16
-4 0 -1 -12 1 -20 -14 -5 5 -3 -1 -5 -16 -12 12 -12 7 -17 16 10 20 -18 13 5 -7 -10 10 14 4 0 9 -1 5 10 12 -10 -6 -17 18 -3 -4
-3 2 -16 -20 1 7 9 6 17 -6 -10 -20 -18 0 -16 6 -16 11 11 15 -6 11 -1 -1 6 -12 -20 -13 -17 13 19 -16 -15 7 18 -14 -9 -17 11 7 -18
3 2 3 -3 -3 4 12 -1 6 -17 13 3 -15 0 -3 3 6 17 -11 -12 -19 -4 1 -3 -14 2 -19 -15 -4 3 -2 -1 18 17 -3 3 7 -12 -5 15 -13
-9 -15 -7 -9 13 -2 0 4 17 -12 8 18 -19 -14 8 -3 -13 -6 -15 16 19 -4 -3 -16 -9 1 -10 20 -2 -1 -12 10 -9 -18 0 -20 19 -4 -3 7 15
-10 7 -12 12 14 18 5 -9 -17 -7 -8 5 -9 6 9 1 17 7 -17 15 -11 12 18 3 7 -5 20 -9 5 17 -3 17 1 1 18 11 -20 9 2 5 -5
-2 20 -14 -14 8 -13 4 17 15 4 10 -18 18 18 -11 -12 -9 -11 -20 8 -10 19 1 -12 -1 -14 2 12 0 16 -13 6 18 17 3 6 -17 2 -10 -4 10