37 41
14 -16 -11 7 4 -9 -19 16 -8 10 -15 -7 12 20 15 -20 -10 -15 -4 19 -5 19 6 5 1 6 9 9 9 -1 12 12 -11 10 -13 -6 -20 10 0 -9 5
-14 -3 20 15 0 0 11 3 -6 -12 12 20 10 13 19 -15 14 11 -19 4 -4 6 -2 -6 -7 -14 18 6 5 13 -4 -4 -17 -7 -19 -1 -19 -1 -18 -8 9
7 -10 -12 -8 1 -13 -14 2 4 2 4 12 15 -15 -7 15 9 20 16 20 -6 -5 -6 -16 18 2 9 0 16 -19 -18 -16 8 -2 14 5 -8 -8 -13 2 -19
15 -15 -3 -17 -9 6 -11 18 -17 -20 17 14 -16 0 -7 12 15 -14 5 11 -2 8 5 15 -4 -14 -7 16 7 9 -18 14 7 10 -9 -17 -19 -15 -15 -18 -7
15 -14 0 9 16 -6 -15 14 -4 -8 -15 -9 -1 11 -5 2 -8 18 -12 -3 20 -12 15 -4 8 18 -17 7 -20 -3 -12 10 6 16 2 -18 6 -16 -5 6 8
12 20 3 5 -5 12 -10 -17 -6 5 -11 17 3 -4 -19 -16 -5 9 -3 8 -13 16 19 16 -12 -19 -17 7 14 9 7 0 5 -20 18 20 -8 -7 9 20 -11
-20 -8 4 20 -9 12 -19 11 11 -3 20 16 1 -2 17 -8 -15 5 -16 10 12 0 6 18 -9 -16 -8 4 -11 -9 11 -4 -6 -17 -2 6 19 11 -10 -12 -4
9 -3 10 -20 6 13 3 13 17 -12 5 1 1 -5 20 -11 9 16 6 16 -12 -8 -20 -6 -14 -6 7 -11 6 -14 13 -1 2 13 17 13 10 -20 -14 -11 11
19 -17 -1 -8 -14 7 -10 1 7 -15 -8 6 11 17 7 -4 4 -3 -9 -5 17 -5 -3 -8 -12 -3 -1 -8 -18 2 -14 -11 -12 -15 4 -20 15 13 -19 5 1
-1 3 16 -12 -7 18 -16 11 -6 -13 -4 13 -8 1 -19 -17 7 1 -15 -9 -1 11 -19 10 -17 -15 1 -5 -12 1 1 14 -14 -1 14 -14 -17 -13 5 7 -15
-18 5 18 -4 -14 6 -11 -16 -19 12 -11 -4 10 2 10 -4 20 10 -11 6 7 -13 -11 7 -13 -18 -4 -20 14 5 -7 7 15 -7 12 -17 -19 -2 3 -15 9
14 -14 -6 9 -8 -11 5 12 -18 -4 11 6 -14 -8 -5 -9 11 -10 -17 -17 -5 6 13 9 -12 14 -17 8 15 -2 19 -1 0 -19 -3 7 -8 -17 -11 12 12
10 -16 14 18 -6 0 -10 -4 15 -12 -16 8 9 -8 -19 8 16 -11 9 17 -16 -19 20 1 13 -5 -2 -4 4 -10 -9 -9 13 11 6 20 6 -13 7 -14 -18
0 2 6 -17 -10 8 -3 -15 -12 -8 -2 7 3 4 -10 17 8 -7 -8 -15 8 12 -6 -4 0 -16 -2 -10 -19 -6 -6 14 8 -7 9 9 18 9 -9 -5 18
9 -7 15 -6 -7 2 -2 -11 -15 -17 11 -16 1 -15 -10 7 15 -15 -13 -2 2 0 -1 -9 -17 10 8 -13 -3 -7 12 12 15 0 5 8 -18 -19 11 -15 -20
16 -3 -14 8 7 -6 14 -8 11 -15 -15 -20 11 15 -6 7 -18 8 9 3 19 13 4 -19 -9 -10 -2 -3 11 5 -11 19 -10 20 20 4 5 15 -19 20 -9
-13 17 -16 10 13 11 0 -4 -10 10 -4 19 -7 -7 9 -19 -19 -4 -5 17 -9 15 6 4 7 15 -5 -7 1 3 -13 -3 8 3 -11 -8 -17 -9 -20 1 -5
-4 16 8 -3 20 -14 12 19 -10 -7 19 -19 -1 -19 16 4 -19 3 -10 -12 -15 -1 13 11 -19 -6 20 -15 -20 -19 11 14 16 -1 4 -5 -1 -4 8 -11 15
12 16 0 -18 5 13 7 10 -4 -11 -5 -12 18 -13 6 -7 -14 -3 -5 -17 16 -1 1 -14 20 15 -13 -5 3 9 -12 7 -6 6 -6 1 -11 3 17 12 12
-14 -13 2 9 20 20 4 -1 -4 4 -4 -6 -9 -8 -19 9 -9 -4 -15 -4 6 -3 7 -13 -3 -12 -5 0 18 -6 -15 -6 0 6 9 7 5 11 -17 3 -19
0 -4 3 17 18 16 17 15 -2 4 4 -3 0 -1 -7 -14 -20 -4 5 6 -3 20 8 1 3 -3 -15 -8 -9 0 -5 3 -9 0 -11 13 -3 3 -10 -15 7
-10 -4 5 12 -4 20 -8 -15 12 -15 11 1 8 -7 -2 19 -11 20 12 -16 8 20 -11 16 20 17 2 4 8 -5 -6 6 -5 -11 12 11 19 18 3 2 8
7 -1 2 7 -13 11 -17 3 7 13 9 -13 8 14 3 10 2 -17 -14 3 -9 -3 6 16 -20 0 -11 -2 -14 -11 8 -13 -12 7 -4 20 20 -16 13 6 3
-14 7 -11 -20 8 -3 5 6 10 4 -3 10 -7 -19 -14 -12 3 -11 5 7 -9 13 -4 6 -6 -19 -16 5 -20 3 19 3 18 8 18 13 -1 -17 1 7 17
-8 3 -16 2 11 -17 14 -19 -19 11 7 16 5 -11 0 -8 16 -1 -18 15 12 -19 -9 15 1 1 -4 -12 -20 6 -4 20 -20 17 18 12 -18 -11 13 -3 8
19 12 -15 6 4 0 20 -5 -1 -15 16 15 -11 -2 20 0 -1 -12 12 -12 -20 2 -15 10 19 7 -5 -11 -15 20 4 2 20 13 9 -7 0 14 -20 -20 -8
1 -4 -6 -16 -17 0 8 18 -18 -4 1 -20 -20 6 7 -6 12 9 -6 -20 2 -6 10 -16 -12 -20 4 8 8 -20 12 -14 17 8 -1 15 18 20 4 12 -8
-16 7 14 9 -7 -5 6 5 -1 -13 12 9 -8 13 -5 -10 7 -7 -8 -5 -10 0 -8 -6 -14 -7 -16 7 -1 -8 4 -7 14 8 15 20 10 7 -1 3 15
16 9 8 -13 8 -17 10 -9 2 8 -9 5 5 -7 -3 -7 -1 16 -13 -7 15 -3 -12 11 -11 8 11 -9 1 -20 -4 2 -16 16 -5 -9 -9 9 -1 14 -12
-17 14 -6 0 19 13 4 8 -8 2 16 16 -17 -12 -11 -6 -15 16 13 6 -16 15 18 13 4 17 18 6 10 -16 -3 -13 -19 1 -15 4 11 -12 13 9 -4
-11 15 -9 -9 -6 -20 9 4 -3 -9 4 -19 0 11 -1 -2 -4 -5 2 10 -1 9 3 -11 15 5 -6 4 6 18 3 7 -4 8 -20 4 7 17 -16 -3 5
-18 -6 12 -6 -17 19 -15 -13 12 4 -7 18 14 -9 -16 -8 -20 -9 16 10 -8 13 -16 -14 -1 -15 -5 1 7 5 3 -18 9 -19 3 13 -9 -15 9 9 -18
-8 12 -16 -6 1 -18 15 9 -7 -6 -10 -2 16 8 -13 -8 17 20 5 20 16 -11 3 15 18 0 -8 -20 -15 13 -15 13 -14 3 -16 -1 -5 16 -6 -1 2
19 13 -16 -20 -16 0 16 10 -13 -4 -13 -14 8 -5 14 1 -2 1 8 -12 12 -2 12 0 5 -1 -19 -7 4 2 -13 8 19 -7 -3 11 4 -11 2 1 -3
-13 -5 1 -4 -8 -11 -17 -3 1 -4 -11 17 2 7 20 -4 1 0 7 -14 6 6 -19 -7 -17 -5 11 -15 14 -2 9 14 -8 -12 -4 -17 1 -11 -5 -1 -1
3 -15 13 12 6 -15 -14 0 -6 13 -4 -19 -7 15 -2 -16 3 7 17 -6 19 20 7 -9 -13 1 11 -18 -14 14 -18 14 -20 5 7 -8 20 6 -12 17 -20
-14 19 16 5 -3 -3 -18 10 17 -7 16 13 -20 -7 -1 1 -2 -6 -10 2 -4 6 12 14 13 0 20 -6 -5 20 -5 -4 -2 -9 18 2 0 -4 0 14 -4