37 41
-14 4 2 14 -20 -8 4 -5 5 -7 12 -12 -6 2 15 20 -13 -17 15 0 -19 -5 14 -11 4 17 -7 -7 1 -17 13 4 -1 3 -17 17 -4 12 -7 20 -16
-15 -2 -19 -2 9 -14 16 -13 -15 20 -16 -4 17 -9 5 13 -1 -14 -7 11 -9 1 12 -5 9 0 -13 -2 16 -11 -5 -6 13 17 1 20 -5 4 -14 1 -8
-17 16 -14 -1 -17 17 -19 11 19 -10 -5 -7 -13 -15 -9 17 -3 -16 -12 19 4 13 12 -10 16 -10 -20 14 -8 3 -14 -17 9 -13 -8 6 -15 6 1 15 12
-14 -7 -5 -1 6 -7 -15 12 -18 17 -7 -13 -17 -11 -8 6 19 20 -10 -12 9 -5 -11 -13 13 17 -19 4 -9 15 -4 -1 10 -20 -15 4 19 -6 6 -20 16
15 -20 12 -10 -14 -16 3 20 6 1 12 -6 -17 20 -5 2 -13 -19 -7 -7 12 19 -8 -7 -12 -8 5 -18 15 13 2 -9 0 -19 7 -3 5 16 1 5 -4
-3 -2 -19 -10 3 -11 2 -2 12 -5 9 -15 1 10 -9 9 -13 -2 -5 -7 -20 1 16 4 2 5 8 -20 18 3 9 19 -12 11 -1 15 -18 -20 -9 18 15
5 -10 8 -20 -17 -4 15 20 18 3 19 -10 7 -7 -11 0 -15 10 -18 12 2 -16 -12 -17 -6 -5 -18 14 5 12 -18 7 -20 10 12 1 -9 -5 -14 16 -20
5 9 12 -15 7 18 6 17 14 11 -10 3 -19 -11 -12 -3 18 -6 -17 -12 -1 -7 4 -14 5 0 18 -15 -3 15 16 5 10 -9 9 -6 -12 14 -11 17 16
-10 -11 -8 10 -15 -15 20 20 11 -1 6 4 -20 -6 12 -8 -15 -1 -7 7 -5 -8 -6 0 8 -18 -3 -14 -9 3 13 4 -1 -8 6 18 -16 -16 -14 -17 4
0 -18 -13 0 -14 -4 -17 2 -20 2 -2 9 18 -3 17 -13 1 1 18 19 -15 -19 -20 12 -10 -1 0 9 16 -11 9 10 -3 6 11 -9 1 16 -12 -5 -11
13 -1 -3 -1 18 20 -8 -5 -9 3 20 20 8 5 -17 -3 16 -19 6 -13 14 10 -13 20 0 -5 18 7 18 18 -18 -5 -11 -1 -4 20 -7 14 2 -11 -16
-2 -13 17 -19 -13 2 -14 19 17 15 -19 -7 -12 11 9 14 -11 20 18 17 -18 -20 10 17 2 2 -13 4 -4 -14 -18 -3 -18 19 5 3 -4 10 0 -11 -12
9 -3 -7 -2 -3 17 -8 -17 8 10 -4 -20 17 7 1 -2 20 -2 5 -3 4 20 -4 -15 5 -6 -19 -4 11 18 -16 -7 -14 6 -14 -14 -3 14 2 -17 -6
-9 -13 16 1 -20 16 4 -10 11 -12 -15 -20 -17 9 6 -20 -9 -11 -5 -20 -18 -13 13 5 3 16 -1 11 -10 -6 -10 16 -4 -7 16 5 -6 13 19 17 -14
-7 1 -5 13 0 -16 -8 -1 -8 -16 0 9 -15 -2 -16 5 13 20 8 2 -7 -11 -16 -9 3 -5 -3 -15 -6 -12 2 3 8 12 9 -12 15 -16 17 -2 -16
15 -19 2 3 -6 -12 -1 11 4 -19 13 8 -19 4 -9 14 -19 -20 -12 1 -20 -20 -10 -20 19 5 -5 13 19 7 6 -14 19 -19 3 -15 -15 14 -14 -13 -11
6 0 1 0 12 -20 -5 7 17 14 -10 17 13 -3 -3 3 8 10 10 -7 -3 0 5 -15 2 -8 4 18 -11 11 11 3 11 -8 -13 -16 -17 -4 19 -15 -14
6 12 9 -17 19 -6 -14 17 17 20 9 9 1 -9 6 -14 6 19 -17 19 -14 -7 -7 4 -7 9 11 -12 14 -15 -16 -12 10 13 18 -11 -3 13 -2 14 -10
-5 10 1 -20 -12 -7 -13 -7 20 -12 -2 20 18 -19 10 8 -1 17 -18 -3 -11 8 -3 -11 9 16 10 -6 -1 17 8 -17 -5 -3 4 -6 -18 -2 -10 -20 -9
-14 -14 4 2 -15 15 -11 1 8 12 -18 -1 5 13 -17 9 9 13 -10 12 -2 -16 -9 -7 -14 3 12 19 19 18 -11 18 -19 -12 15 -18 1 5 7 11 19
6 -18 0 -16 -9 0 -16 18 19 5 17 -13 -13 -5 20 -20 8 -2 0 13 8 -4 -6 -7 -1 15 17 6 3 -1 0 2 -6 -17 13 -11 -4 17 18 14 -14
10 10 20 -1 16 20 -20 -14 -14 11 14 -4 -8 -19 6 12 -3 -7 -1 16 7 -20 -19 13 14 14 19 8 15 10 -6 0 6 10 16 -16 -15 -11 -9 15 6
-9 15 13 -4 7 8 14 1 16 16 -12 -9 -2 8 -4 -10 -17 -12 -19 -9 1 -6 -1 5 -17 -10 0 0 -13 -19 12 -7 0 -2 9 12 14 9 20 7 16
2 12 2 6 4 -18 8 -4 -5 19 -13 -3 -12 5 -6 -3 4 -19 -1 13 9 3 14 5 4 12 -17 -20 -2 6 -8 8 15 -14 -17 14 -8 -7 14 10 -7
-2 10 2 10 -13 10 2 19 19 -3 0 0 14 2 -14 7 17 0 17 -17 -17 -5 -9 4 -4 13 -16 7 6 1 14 -4 -7 14 -3 11 14 4 1 -5 1
-19 -5 9 0 -15 6 13 1 5 -15 10 6 3 11 19 -7 -9 -14 -19 3 20 2 -20 -4 18 -18 -1 -7 17 -15 -6 11 -3 -13 -20 -14 -6 0 11 -16 15
-5 2 -17 14 -20 20 15 -1 19 -3 -15 -16 7 -10 -9 -2 19 2 2 2 11 -15 -12 -9 -14 7 -19 -7 10 6 15 2 -19 -6 -6 15 -2 -12 13 18 7
-17 20 16 9 14 -15 -3 -9 12 3 -12 6 -19 -14 -8 8 18 -11 2 -18 4 12 -12 -19 0 11 20 13 12 -4 -1 1 15 -19 10 7 19 -4 7 4 -20
-1 15 19 -1 19 17 -11 -10 10 -19 -4 2 1 -17 -5 14 3 -11 5 -5 3 1 3 -17 0 5 -14 7 -3 16 9 -9 18 -14 -12 0 -12 -3 20 5 18
-18 0 20 -15 10 20 -19 -12 -8 -11 2 -3 -1 1 15 -8 -5 -13 -11 -18 5 -14 9 -18 15 -19 3 12 8 19 2 -7 -4 -5 -18 -17 -15 9 -10 19 -2
16 -19 -13 8 13 16 -16 15 -10 -19 13 -11 12 -6 20 13 16 12 8 16 8 -12 -19 10 -7 2 15 -17 17 -4 -12 -19 14 -3 10 0 -9 15 -4 7 -13
-19 8 -11 17 1 -7 -18 13 -3 3 -7 5 -18 12 2 13 16 12 -8 -2 13 8 1 3 20 -19 -1 6 13 7 -8 15 20 20 -2 -16 -18 1 -12 6 -1
-4 -9 7 5 4 -13 -6 8 -10 -8 10 -18 5 15 5 6 20 -18 10 -11 9 -5 16 5 2 -3 14 0 -18 -1 8 -16 -18 -14 1 -15 19 -14 7 3 3
8 18 19 9 -7 13 8 7 7 19 0 -3 20 -15 -5 20 -14 -6 -9 -5 2 -19 -7 -16 -12 8 -3 3 7 -12 -2 2 15 15 -11 -7 -14 -3 3 -19 1
-11 15 -14 -18 -5 -18 -16 15 4 5 9 13 10 -2 -15 2 -4 -14 3 -12 15 15 9 6 -13 -4 -19 -19 19 -7 3 2 -7 -6 5 8 1 2 -11 -4 -18
-13 -19 0 11 18 14 4 8 -2 5 -2 -19 -9 2 12 -20 -11 -4 -8 6 -13 10 -19 -9 11 20 -19 20 11 14 14 -3 10 19 5 -7 2 10 11 -19 -7
5 -10 16 -11 -2 5 17 9 -13 5 -13 -8 12 -12 10 -1 -19 8 -12 -4 13 -14 3 -12 10 14 -16 1 -16 -6 13 3 2 7 6 8 17 5 7 -19 -15