37 41
17 18 -13 12 16 -3 -18 -5 10 13 -19 13 -4 -3 -18 -3 -11 16 -6 0 0 7 -17 14 -11 17 10 8 -7 -19 -6 9 -6 -6 6 -5 7 19 5 20 12
13 4 -7 10 4 0 -9 10 8 -16 -6 -3 15 -8 -18 -12 12 -19 1 -10 11 -11 -15 -9 -19 18 19 17 9 -4 0 5 -11 13 6 -19 17 7 8 -17 -2
3 4 9 19 -5 13 -11 -6 -3 6 20 6 19 -5 -7 -20 -16 -5 -10 -3 4 -5 -12 1 -7 -11 9 16 -18 -8 12 10 -20 -18 -8 0 -17 -4 -2 -8 -2
19 -8 -11 0 5 -17 -2 -1 6 8 -10 7 1 -20 -15 -13 20 16 -18 3 16 18 17 -3 3 -12 9 -11 -15 17 -1 -18 3 17 -20 19 -9 2 -17 1 -15
-17 7 14 7 6 -12 9 9 -5 -4 4 19 7 -7 -14 0 12 14 -6 -10 -20 14 7 19 -19 20 18 -8 -5 7 12 -11 3 6 1 -7 17 -18 9 18 -10
-6 -1 -5 18 15 20 2 17 -7 -9 -18 13 9 10 9 15 10 19 17 12 -14 -4 -16 -9 -4 0 7 13 18 -10 -19 -8 -10 -14 18 -7 -12 -19 8 -12 -14
-19 19 -9 10 17 -8 2 -19 -14 -17 -7 8 -17 8 4 -16 -15 15 18 -19 -9 -1 11 0 -7 5 11 -1 13 -2 -17 8 5 -1 4 4 -3 5 15 -12 -19
-9 12 -19 -9 6 -20 -9 2 13 -4 11 11 13 4 4 -18 -8 18 10 2 18 -4 10 15 -2 19 -14 -18 17 13 -4 9 -17 -20 15 8 1 9 2 12 12
-12 6 7 -4 14 15 9 15 13 8 -7 -11 -1 0 -4 6 10 -8 14 -6 0 18 -20 -10 -18 -18 -11 0 -19 -14 19 -15 10 19 18 11 -14 -10 -15 16 18
13 -4 5 -1 -15 3 -10 19 -13 10 -3 -6 3 12 -2 11 -5 -5 18 16 -12 -5 -15 -4 -15 2 12 -1 10 14 20 20 -10 19 -20 3 -11 -18 19 13 -14
-13 11 -13 4 -8 -17 20 19 -1 -2 -11 -19 -20 10 11 10 -7 7 2 1 7 6 20 11 -8 13 -10 -17 -20 -8 3 3 14 -2 1 14 17 9 5 -7 -1
14 19 -8 8 6 18 -17 -3 2 -7 9 -3 2 -8 17 15 14 13 -12 -20 -17 8 -15 -3 6 12 -10 8 -5 10 -3 -1 6 17 -14 -10 -2 5 -17 -11 7
-17 -9 -8 -1 -16 -3 -12 10 -2 15 10 -10 2 18 7 -8 -6 -4 -16 0 3 14 3 -4 -9 -14 11 17 8 -6 18 1 3 8 11 -20 -20 20 -16 0 2
-2 10 -14 13 -3 16 16 7 -6 15 -16 1 5 -6 -7 -3 -5 -12 14 -11 -4 -10 1 0 -14 -3 10 6 -11 -7 17 0 3 19 -9 -1 -18 3 14 14 -15
17 13 -3 -1 17 -3 8 -6 10 -18 12 -9 -17 1 13 -15 -11 4 5 9 -3 6 -17 -4 -13 -9 -19 -5 2 5 8 -19 -4 17 -12 13 11 17 20 -17 9
1 -2 -11 15 -20 -6 -7 -8 16 20 -8 -11 -1 -1 -2 -5 6 -9 10 -13 18 -18 -10 -1 3 8 16 -4 -1 10 3 2 20 19 -1 -20 -2 2 -9 -19 9
-11 -9 -7 2 -6 6 16 -1 -9 13 9 -9 5 10 -5 -18 -3 7 20 7 2 -4 1 5 -6 -18 -7 1 17 -14 -14 -20 1 7 4 -20 9 -1 6 -2 -10
10 10 8 -20 -4 10 -5 19 -16 11 16 14 5 14 -4 -11 6 -6 19 1 2 16 -8 -13 -18 -14 3 1 16 11 -5 13 5 5 -8 -17 -20 5 -18 -8 -17
-17 6 9 -17 -13 -6 16 -12 10 20 12 1 -9 2 13 3 11 20 -15 10 -4 -19 -13 0 5 4 -3 20 2 8 -1 11 -3 -20 9 17 -5 -7 -10 0 20
-14 -9 -18 15 -11 12 18 19 12 17 -6 -2 -12 16 18 20 -7 8 15 -4 -4 13 9 -4 3 14 12 -9 -6 9 2 10 -6 9 0 7 14 20 0 -16 11
-17 17 18 8 -12 12 1 -10 10 2 0 9 3 0 -8 -18 -20 15 10 8 8 12 11 19 5 -10 -4 -19 11 10 3 -12 19 11 13 7 13 -17 9 -3 -10
-6 17 12 6 -13 -13 4 -17 12 -18 -20 -4 -14 -10 10 -19 -2 18 -18 -16 19 12 9 6 -17 -6 -5 -15 1 7 16 9 -1 13 -14 -18 9 -10 -20 -1 -3
18 11 -10 -13 -2 17 10 -5 6 -3 20 3 1 19 -3 -7 -7 11 13 3 -1 20 3 -20 2 -4 -10 4 -2 19 8 13 -14 9 13 -7 6 2 19 -5 -18
-11 -17 9 -18 -15 -12 17 0 -2 10 14 -3 10 4 16 18 14 -11 7 -8 18 15 -9 -7 5 12 -20 11 -10 -8 11 -17 -16 12 13 3 -16 -15 13 -20 -1
-1 -17 8 16 18 -4 11 -7 -20 7 3 13 14 -13 13 10 10 20 -16 4 -12 11 18 -9 -10 10 2 -9 20 10 3 -9 -9 1 20 0 13 -2 11 -15 -1
-2 0 -2 -2 13 8 -13 14 -1 10 3 14 -11 11 6 17 -9 -14 -9 1 2 -12 -2 -4 -9 13 -8 3 16 3 20 3 -5 -15 -2 -1 16 -19 19 10 -18
11 6 2 9 15 -7 9 -7 -6 -20 -13 -8 13 8 0 3 0 -18 -4 -16 15 13 -1 8 -12 -3 -5 12 6 -19 20 5 6 2 4 -14 12 -10 14 -17 13
17 10 -14 -3 13 -4 0 -7 -17 -15 -11 -6 0 -14 3 11 -5 -18 -13 5 16 6 -19 2 20 9 -11 -7 -3 -20 8 18 -1 -14 20 -15 -17 -3 6 -1 16
16 -3 16 -1 20 -6 19 -11 -11 1 -18 -1 -14 -19 -12 -8 10 11 -16 -1 -12 11 16 6 7 1 -18 7 14 -10 -8 -3 12 9 3 -18 -19 -2 12 15 9
-13 4 -18 8 11 -13 8 11 -19 4 -4 -14 -20 -10 -11 1 3 11 -15 -1 -1 -13 5 -7 15 -8 14 -1 -6 13 11 -16 5 15 -8 6 -5 1 -11 -20 -4
-11 -13 -12 -19 19 -13 -18 -11 8 -5 20 19 -13 -4 18 -17 -2 3 0 -6 -9 -13 19 14 -20 15 -11 -20 -20 4 18 -12 7 0 -7 14 15 17 3 -3 13
-13 -12 14 -20 -12 -10 6 17 -9 -13 5 -17 8 5 -12 -2 -7 18 -20 5 5 6 17 -17 -2 -17 -7 2 -11 13 3 12 -1 -7 13 9 -1 -13 -8 12 13
5 -8 -17 7 -2 -14 -8 -4 -14 -12 -13 -15 15 -20 -20 7 15 18 -3 1 -3 -14 8 -20 7 17 1 0 6 -5 11 -14 -9 -16 14 -1 10 15 -11 -13 9
-14 11 -4 -4 19 6 4 2 -8 0 -1 -18 -13 -11 17 -12 11 -13 -9 16 -16 -9 2 -6 -3 -20 -1 16 6 8 9 -19 -4 -3 9 3 16 -6 2 -12 17
14 0 -11 -9 3 -3 17 2 12 -2 -18 -7 -7 9 -10 7 -12 -1 -17 -8 20 -10 -19 9 16 -3 -5 -9 -16 -8 12 18 -17 2 -11 0 10 -1 10 -16 18
-18 -12 -12 -20 3 2 1 8 -5 17 -1 15 -10 17 -11 10 -19 8 4 -14 8 -3 16 9 -11 18 10 -3 0 9 15 -15 -2 8 -4 -9 8 17 -19 8 14
18 11 6 -4 17 15 4 8 -15 13 -4 16 12 3 19 -16 3 11 -7 15 -2 -20 -14 14 -10 2 3 10 -19 3 -20 12 -16 -18 2 -7 6 14 19 2 7