37 41
-20 -7 -18 3 -18 4 -13 7 2 12 -2 -1 11 3 20 -16 16 5 -16 20 -4 -15 -16 11 5 -16 5 12 -11 -17 6 0 0 -5 5 -18 -12 -6 -10 -1 1
-9 5 -4 -12 -18 1 7 12 3 16 12 8 -10 10 1 -3 4 -15 -6 -1 -12 3 14 -12 -9 10 19 4 -7 14 -19 10 11 -2 -11 7 -3 -5 18 -2 1
-4 -9 -17 -11 10 -12 15 9 9 15 4 -18 9 -11 -12 -6 -18 9 10 -8 -18 -14 16 -17 15 5 -1 -20 -16 2 0 -7 15 18 -2 -20 -6 13 -19 -8 13
10 -6 -16 -18 -19 -11 17 -10 -2 -15 -8 14 -12 -18 17 1 -12 16 18 17 20 13 8 -19 -6 -4 16 9 18 -4 8 11 18 2 3 -20 5 7 3 -12 13
-13 13 -16 -6 -18 -1 -2 4 12 19 11 13 4 15 8 -19 15 9 9 7 -4 -8 -10 9 8 17 -10 -19 -5 -6 10 -4 -8 -3 -20 -4 -16 12 -11 15 -19
-7 -7 -20 2 1 8 -19 4 6 -15 15 9 -20 17 -10 19 -9 11 4 -10 -17 1 -1 9 14 19 -18 -18 -19 1 -1 10 -13 0 -19 4 8 -10 -15 -7 17
16 14 -19 3 11 -10 -4 12 0 9 -19 16 -3 4 20 5 11 17 16 16 5 -13 -7 8 0 -10 -19 -13 19 -10 -18 10 -2 -17 -17 -15 -12 -16 -2 8 -15
17 -18 16 -2 19 20 -1 -7 12 6 20 10 4 6 3 -7 -8 15 12 13 5 -17 15 -17 10 -5 19 6 -11 -7 13 -11 16 -20 -16 -19 10 -18 -12 -7 -12
-4 -11 19 -14 10 -18 5 4 -15 -17 11 -16 3 13 7 8 9 -6 -6 13 1 -7 -9 -19 -3 -16 17 -6 14 -9 18 8 -11 1 -1 4 4 6 -9 18 -1
-9 -10 -19 8 1 -14 3 9 6 -8 -13 12 18 6 12 3 9 5 12 -9 0 3 15 -6 -4 5 2 11 -13 -8 -17 15 -19 16 -13 -13 9 6 9 6 19
5 -18 -13 15 5 19 14 13 -9 -15 -13 11 11 10 -19 3 -19 -9 -6 -16 7 -10 -5 -18 -20 -18 9 17 6 5 -19 -14 14 3 19 12 -7 12 -16 17 -15
20 8 20 -10 2 13 17 20 6 -10 9 12 -1 12 1 -20 -2 17 3 11 8 10 4 -4 8 0 4 14 -14 -16 7 -6 -12 -7 16 7 11 17 -3 12 7
16 -10 -20 2 -5 -10 -3 -17 -14 -9 -7 4 -18 -9 15 -7 11 -18 -5 -16 -13 -18 11 -16 -6 5 -2 20 -18 6 18 12 13 -14 3 7 4 -10 -18 14 5
-20 8 -5 11 6 4 15 -11 -16 12 -17 13 11 10 -6 1 7 8 17 18 -11 -2 4 18 18 2 -4 -4 6 -2 9 8 -1 -17 9 8 -20 0 12 -17 5
-3 7 15 -3 -16 20 1 -8 -9 -17 20 -4 -13 -18 6 -15 6 15 -13 15 -19 11 5 -17 19 -3 -9 14 -20 -19 -9 -6 -3 16 -2 -13 -8 12 11 7 10
18 19 -3 2 13 0 -17 19 17 -11 2 4 3 -20 0 15 -4 -18 17 18 3 -6 15 -14 8 16 9 7 -6 -17 -8 -3 7 -20 -11 8 20 -9 15 13 3
18 -5 2 -7 -5 4 7 16 8 7 7 -6 -9 3 18 18 14 -6 16 -5 -2 -1 4 -11 8 6 7 -5 -6 -9 11 11 14 7 8 -6 -17 -5 -6 20 12
7 -2 -8 -1 0 -14 19 9 13 18 14 12 -5 18 -19 -12 8 -8 -16 -17 -11 18 -12 -11 7 -19 -9 -12 16 15 -4 13 -5 12 -5 -7 8 -10 -16 0 13
-4 13 8 17 19 15 -20 -20 -17 -17 -9 13 -13 -9 -18 -20 13 13 -9 9 -15 13 6 9 -13 -14 18 -4 15 8 12 -18 -6 2 12 -20 16 -11 -6 -19 7
-6 -2 19 -8 2 -6 -4 -6 -14 19 13 12 -17 2 -19 9 -12 -19 -3 8 10 -15 -7 -7 15 11 -18 1 1 -14 2 12 13 5 -10 0 15 -1 5 -4 -4
-10 15 -3 3 15 13 16 -16 17 -11 12 15 -14 -5 -16 0 0 15 13 -4 -8 -5 -13 -18 -20 -5 0 18 -3 3 1 -1 -1 -17 7 -5 -9 -9 20 -4 12
20 3 -17 -15 -18 3 -17 -2 -8 17 0 -2 -16 -8 -13 5 9 13 -19 -11 16 12 -2 13 -2 -5 -8 -7 5 -6 17 -11 -10 -14 -9 0 19 -5 13 -4 -11
0 9 -17 4 -12 14 -9 -10 12 -15 18 3 10 12 -12 20 4 -18 -17 10 9 5 10 -13 -2 18 12 11 -18 -16 14 18 2 11 -12 -7 2 -12 19 19 -16
20 0 -8 -17 0 -20 1 8 17 -7 20 -14 10 5 -13 3 10 -18 4 9 18 -17 8 8 -10 17 8 -11 -2 18 -19 14 -13 -13 -8 3 -3 -11 17 -11 8
-5 -18 -12 7 -19 -9 -19 19 11 -9 -18 10 -7 18 1 3 10 -16 13 -10 -2 -14 -18 -10 -7 -16 9 -13 -14 -5 19 19 0 5 17 -19 15 -14 -10 8 -16
0 7 -20 8 -5 -15 -8 20 13 -19 -18 -15 -19 6 -15 -19 2 11 14 -17 -10 6 -10 -3 -4 -14 -9 -3 0 18 11 11 -7 7 11 -3 6 4 17 -10 17
-6 16 4 -10 19 -11 14 17 8 -10 0 1 -11 3 -5 -6 -5 10 2 12 15 -17 10 -16 -19 -12 -3 2 -12 -17 0 1 14 19 16 -7 -12 -1 15 -16 -5
-2 7 11 -6 -11 -10 3 18 -15 14 18 -14 16 -10 13 -18 -18 -13 -19 20 13 -18 9 -3 -12 -9 11 -6 19 -15 13 -6 5 1 -5 -14 -4 -2 3 -4 10
-5 3 -5 -7 17 5 -8 0 -14 -18 -15 20 14 -5 -3 16 19 -7 -18 -2 -7 4 8 -8 9 7 -5 -5 2 -16 12 -7 -17 11 7 0 -5 17 -11 -2 15
2 15 13 5 -1 19 -2 -15 -5 10 -12 17 5 18 11 -9 -19 -6 -7 6 11 0 9 -11 17 -7 13 -6 -8 -5 20 5 17 6 -13 19 10 1 -4 16 -3
-3 -11 0 19 -5 13 18 -5 -7 5 -1 1 4 -2 14 10 14 -8 -9 3 -9 -5 -5 -13 4 13 -20 10 19 -2 -9 5 20 6 0 18 -13 -18 8 6 -13
20 6 4 -6 -3 9 -11 -12 13 -8 11 -14 10 10 -12 1 18 -15 14 4 -4 -8 7 15 5 -7 -13 -16 15 -8 16 19 9 -14 2 5 16 1 -7 11 5
-4 -11 17 3 7 1 -13 18 16 -4 14 3 4 5 -9 -19 -6 8 15 -6 2 2 18 17 20 20 5 10 12 -11 -2 -20 -11 17 -2 2 20 6 1 -16 2
-10 6 2 10 0 -18 15 -4 -9 10 13 -5 -20 19 -16 -16 3 -12 7 14 -8 5 19 2 -8 11 10 -19 9 -1 -2 -2 12 -15 10 6 -11 19 -19 -13 17
-7 -6 -16 -1 -5 10 3 8 19 18 -9 8 12 -13 9 -3 -7 -5 -16 2 -8 20 4 10 -2 8 -3 6 -8 -2 17 -17 -3 12 -1 -9 9 13 -20 -12 -7
-7 -8 -10 19 -11 19 8 -13 9 13 18 -4 -20 -17 -12 9 -11 -12 -13 12 -17 19 -5 3 9 -4 -20 -11 -1 -5 -13 -8 1 -20 17 -7 6 16 17 -12 -20
5 0 -13 -12 -5 -15 -15 -7 -1 18 -8 20 14 -11 -2 -15 -19 -17 18 4 -7 0 -11 19 -11 -9 7 10 -3 17 11 18 4 -19 16 -12 -10 19 20 0 -7