37 41
7 2 -1 2 14 -9 10 -1 -12 18 17 -2 -3 14 -16 -4 11 -5 13 3 8 15 12 10 -15 -10 10 13 4 -6 -15 11 13 -19 -14 -2 5 13 6 -19 -20
-20 -7 5 6 9 -10 16 10 -2 -19 -15 11 -10 15 16 -16 1 19 -17 5 5 9 18 -3 6 9 3 -16 -10 2 -7 -9 -6 -6 6 8 0 -4 -19 -5 13
17 -11 -17 -16 -11 13 17 5 14 0 19 18 -3 -16 -4 -17 7 -16 14 -15 -19 13 18 17 8 4 -7 -20 -7 -18 13 -17 13 14 11 -11 -18 20 -20 -6 -7
-20 -3 -9 -7 12 12 -2 -7 4 -15 -18 -6 10 11 5 -14 12 -17 -11 16 10 -13 15 10 -20 0 -1 -12 1 -8 17 -3 19 -11 -20 -1 16 -18 6 -6 -8
13 -1 20 -4 -11 -11 17 16 -9 -8 19 17 -15 -16 -2 4 18 -17 10 -9 -2 19 -16 -18 18 -12 20 -9 -1 8 17 -6 13 -5 9 5 -15 -3 -7 -6 8
1 15 -5 -6 10 3 -4 13 15 5 20 14 4 3 12 10 7 -1 -9 -14 5 -15 5 13 -16 5 -11 -2 15 1 19 14 18 15 -5 10 7 2 -15 13 -2
2 -19 -18 -2 13 3 0 -14 -13 -5 14 -6 11 10 6 -9 0 3 15 6 12 -3 -19 -12 2 19 11 8 6 0 -6 -19 13 -14 4 17 -4 -8 0 15 10
17 -20 -11 11 10 -10 -5 -4 -3 -6 -12 -16 17 17 -14 4 -11 12 -11 -18 2 18 7 -18 -13 10 1 -1 -3 16 9 0 -9 -10 -13 15 -5 2 -7 19 -12
-14 10 13 7 7 -5 20 3 18 -9 15 20 7 -8 -10 10 -3 -20 4 18 -14 -9 19 -19 -4 4 15 -12 -20 -9 2 9 -6 20 -15 17 -9 15 10 -4 14
0 -18 -2 -19 8 -10 2 19 2 -9 -6 3 -3 -16 9 13 -7 6 -16 19 -14 17 18 11 -12 12 13 16 -10 -4 -8 12 4 -7 2 2 -5 18 3 -10 -11
-3 16 6 -20 18 -19 -12 10 -9 11 -8 -16 -1 8 7 10 5 -13 -18 -5 10 -4 -2 -11 0 11 -7 3 10 -8 -19 1 12 -3 -11 1 10 -6 -14 18 2
5 -12 -13 -12 -1 -19 2 -1 -3 -20 -17 -9 19 -5 -13 6 16 -17 3 -9 0 8 2 -11 5 12 19 -13 3 13 -16 -11 20 -11 17 3 2 5 17 11 -20
-14 -19 -19 -2 -13 6 7 7 19 10 -8 2 -18 -13 -11 -17 -18 18 19 10 -13 18 -9 -18 -9 -11 12 18 -6 5 19 6 15 -20 9 5 11 11 12 4 15
14 5 -7 7 4 -9 -9 -6 11 14 -18 15 1 17 11 -11 15 8 18 18 11 -16 -13 20 9 2 -16 4 16 -8 -18 4 5 -13 3 19 -1 11 -10 -5 -11
-5 -19 -13 9 -20 -1 8 11 6 -18 16 -12 16 10 -17 -17 13 14 4 19 -11 9 -1 19 -8 7 10 -19 17 -11 -9 -6 -4 10 14 5 -11 -1 -3 19 15
-10 -9 -9 10 -18 -1 -5 14 -8 -13 -9 12 17 -11 7 -13 -6 16 20 4 -6 -2 -6 -17 -9 6 -11 -13 9 -11 11 -19 -12 -5 -5 12 15 -19 -7 14 -12
14 13 5 0 0 19 -3 10 13 17 3 -14 12 -14 6 8 4 9 12 3 3 6 -9 -18 4 -17 -3 -6 -11 8 4 -20 5 -20 -3 -6 16 19 -20 -13 -15
-12 -15 -8 8 -11 0 9 -8 13 -4 -3 -18 -2 15 -14 16 9 -5 -12 -4 7 -6 7 -19 10 -9 1 1 -17 20 8 -11 10 14 -6 6 -1 7 -4 12 -13
9 -4 6 -15 -5 7 6 13 13 -12 14 -7 -18 6 -8 -14 -7 9 -5 8 9 -9 1 11 10 18 -1 -1 5 -14 7 -4 8 -10 -16 5 4 19 7 -17 12
7 -2 5 0 6 18 19 3 -14 -16 -14 14 -19 -20 -3 -18 4 -14 -2 8 -6 16 11 -3 -18 20 2 -18 -8 1 5 5 -12 6 20 -7 -9 -16 3 13 -4
-3 -3 -12 3 -12 3 5 -16 -16 3 -13 -14 -9 1 -16 -7 -16 -6 -4 -3 -17 14 -12 1 -18 11 -5 -18 -12 15 12 10 10 -18 17 1 8 16 -10 1 0
5 -13 2 -16 -5 15 -1 -17 0 13 -12 -14 17 10 -10 17 2 12 4 3 13 -13 -4 15 -10 8 -17 -4 -17 -4 14 -7 -11 8 15 0 7 2 -13 -14 -7
14 -6 -1 -17 6 17 9 5 4 13 -15 4 15 -12 -20 20 -14 -7 14 15 0 0 -20 -6 3 -5 19 6 -13 16 3 5 -11 13 6 1 16 20 -5 -7 -12
14 17 1 20 -6 7 16 -11 -6 3 7 -6 11 6 0 5 7 16 -4 4 -1 2 12 -11 -4 -3 -17 -2 6 5 3 -6 -1 6 3 -6 8 -11 -9 -7 1
19 5 2 -7 -9 -11 19 -16 6 -3 -18 4 3 -1 14 -7 -10 -15 11 17 -5 -17 -19 17 12 -8 6 -13 16 2 -20 -11 -18 9 -13 -20 -13 7 -3 7 19
4 11 -4 15 15 0 -10 -6 -16 12 19 9 -13 19 -14 -9 -8 7 -3 -17 17 0 15 7 8 8 -20 20 11 -13 8 -6 -16 -18 -18 -6 20 -20 -5 10 -3
-7 6 -19 7 -15 9 -7 6 -8 10 16 -5 10 10 16 -1 12 -10 -13 -5 -10 18 3 -11 8 -20 -4 -9 10 -12 3 -20 10 8 0 -17 -17 -8 -2 11 -17
-16 8 -14 -4 1 -15 14 3 -20 9 -13 -8 -19 -12 -3 6 -17 -8 1 12 2 -15 15 3 -18 -10 3 9 -18 -4 14 -11 -10 0 8 13 19 6 -7 4 -15
-18 5 7 -16 9 -14 18 -6 12 11 -13 -11 4 4 -20 -18 -5 7 -4 18 14 -4 -20 7 4 14 20 -10 -4 -12 10 -9 -4 1 16 12 15 -4 6 -3 -17
-20 19 -5 1 3 0 -16 -20 -10 -19 -13 -20 1 -16 16 20 -7 16 -2 15 19 -18 7 -13 -19 1 9 1 -4 -14 -9 11 8 11 18 15 7 -6 -3 -17 13
-20 -10 7 -20 -14 8 -20 18 -15 11 14 5 5 2 -20 -3 9 -1 -8 15 0 -14 -8 0 7 -12 -3 6 -18 -12 13 -11 8 7 1 11 14 -19 19 -7 6
15 18 18 5 -1 8 12 -4 -8 -12 5 -3 1 -1 7 -20 -19 8 8 -14 16 17 14 5 -6 14 19 18 -16 16 8 -3 10 20 -10 -11 8 -16 5 1 -8
-8 8 8 -6 -12 9 9 8 13 -20 -13 9 -1 12 -20 6 -20 -2 20 15 7 19 4 -14 11 16 1 -19 -3 4 -14 -3 0 10 10 -7 -8 -1 19 2 -14
-16 -7 -6 13 9 -9 14 0 -2 7 2 3 -2 -17 -11 -5 11 1 -6 10 -20 9 18 -10 -10 15 -5 15 -17 -14 -12 3 18 -15 -18 -19 -11 -5 9 -14 5
-8 5 15 18 14 -10 -6 -14 2 -1 15 4 -2 12 -4 -10 1 -6 -18 14 -12 -5 -10 6 5 -15 1 6 -2 17 14 4 16 -15 -16 -12 1 -9 -9 -8 -9
-9 4 12 -7 -2 -16 17 18 18 7 -10 3 12 13 17 -6 14 20 -3 1 -17 -1 -5 -5 2 2 -3 -6 -13 3 8 9 -7 5 -19 -20 -13 0 11 -1 -15
0 18 18 0 -16 -12 -20 12 15 -15 -9 -12 16 -6 13 -12 18 13 -11 -6 -20 -19 -10 -17 -16 15 10 4 11 -19 -20 11 -4 18 -10 14 3 18 -5 -4 6