37 41
12 -11 19 2 -14 -1 15 13 -4 -17 4 5 13 -11 -11 2 12 3 14 4 -13 -2 -7 1 6 6 -17 -8 -18 18 9 17 20 11 14 15 5 -13 12 4 4
-20 14 -13 -10 16 2 7 6 -13 14 -6 7 -8 16 -15 14 -8 -14 13 10 -18 2 10 -12 14 -14 8 19 -18 16 15 -1 12 19 5 16 -4 -8 -13 -14 19
13 5 -8 -5 -14 18 -18 -12 -17 0 -19 -12 7 -13 -1 -11 2 20 10 -12 17 15 9 19 -8 9 18 16 -13 -11 16 -17 17 -10 -3 -16 -17 11 -13 -17 10
-18 10 -18 14 5 -10 12 19 -16 -19 -9 -3 -2 12 9 5 -3 -4 14 9 -10 -15 -11 -1 11 13 11 -5 20 8 11 -16 -1 -11 -3 6 10 5 6 -14 9
17 -15 10 -16 12 13 1 11 -20 -13 9 18 -14 -3 -17 19 -18 11 -13 4 -14 -11 -11 5 7 -8 -4 11 -18 -5 -17 19 -5 6 -20 4 -8 -6 -13 -19 12
-7 -8 -8 17 -8 16 16 -6 13 -13 11 15 0 -10 9 4 -6 -11 -4 1 -11 16 2 -15 15 -4 2 5 -19 3 -8 0 15 19 -12 0 -15 19 -5 -12 6
-4 -12 -2 1 9 2 -14 6 -3 -17 -12 10 -7 0 7 -2 0 -1 5 -1 19 -17 -7 2 -7 -10 17 20 -12 -13 10 -18 0 7 -17 2 -2 0 -11 14 20
1 12 7 8 8 -4 16 -6 -13 3 -17 6 -9 -18 -3 16 -16 19 -15 8 14 -4 -9 15 10 1 17 2 11 14 17 -19 -9 -16 5 -10 1 3 12 1 15
12 9 -17 0 20 4 5 10 20 8 5 17 -11 14 -7 3 -8 6 -17 14 3 11 8 7 -18 -19 9 -7 8 3 10 -20 3 -10 6 -1 -1 -14 -9 18 9
-14 1 9 -12 14 -6 -3 -8 9 -5 20 6 16 -14 -4 -15 -9 -3 -9 3 -20 -8 -20 -11 1 11 -10 -2 -2 -6 -12 -7 14 0 -1 9 12 -20 -7 18 -7
18 -8 -7 -11 10 -2 13 4 -8 5 0 18 -2 -13 17 1 19 15 -17 -6 -17 -12 11 14 17 11 7 -14 8 10 -5 -14 17 -14 -5 14 9 -17 9 -13 -12
6 -15 -2 2 7 -5 8 -7 -10 12 19 -20 6 -18 -18 17 -4 -17 2 19 0 18 -19 18 -5 12 10 -8 -9 -3 14 -9 4 14 7 -14 -5 -11 15 -3 -9
-10 -13 -11 1 -12 -6 19 -3 5 -1 3 -3 18 -15 -14 6 11 18 -8 8 -18 20 -16 12 -2 18 -2 8 -12 18 -14 -5 -19 0 12 -6 -19 -13 -19 18 1
-7 -1 -4 -4 9 9 -16 -6 -8 19 -6 6 -18 18 -16 12 -8 -14 -8 9 -12 11 -4 -7 12 -3 -9 11 16 -19 -5 0 17 17 -2 -9 -17 -16 8 -1 -7
-19 0 -18 20 -12 20 0 9 12 1 6 -18 2 8 5 7 17 -12 -20 2 13 -10 19 -5 -4 1 -7 -14 20 -9 -10 18 -7 10 -2 -4 2 15 -18 19 -19
-14 -4 -13 6 -3 0 13 11 0 7 0 -16 1 -2 20 -9 -4 -1 -8 -17 11 14 -8 6 -5 -17 -1 12 6 7 16 -4 -19 13 -20 6 11 -8 12 -5 -20
19 -18 11 0 -9 -7 7 -10 -2 4 10 7 1 -14 0 3 18 -8 -15 -1 -2 19 -11 -11 -4 2 2 12 -8 -2 14 12 6 -20 7 8 8 -4 -4 -14 -4
-7 -5 18 18 -8 7 -11 -8 15 -12 -3 5 -2 -11 -19 4 8 19 10 14 -8 12 8 -2 -12 8 -15 -6 -10 -10 7 13 6 13 -10 16 5 0 4 -13 -13
14 -19 -8 -15 4 -15 -3 0 -16 -11 6 19 -2 15 -9 1 -20 3 12 2 -13 15 16 20 4 7 -1 -20 -9 -19 9 -19 7 4 -8 -9 1 14 -13 4 14
6 12 8 -15 -15 -15 -13 -15 -14 4 19 -1 1 -5 -17 14 -1 -15 1 17 -8 -15 -15 19 12 20 -4 -16 1 -19 2 18 1 -15 5 -9 -2 12 -20 0 16
-15 -15 12 14 -10 -6 -1 15 20 18 18 -20 3 19 -19 -16 11 4 -8 2 -8 -14 5 -8 6 -6 9 -5 1 3 10 -10 17 17 20 -6 -19 18 5 2 11
3 20 -20 -13 18 -2 -7 15 10 -14 -11 -2 -11 -10 17 -6 -19 -3 6 -11 -1 0 5 0 19 -14 15 5 6 -7 12 -13 7 11 -12 2 -3 10 2 9 -13
-18 1 -13 14 19 20 -15 -2 -20 17 -4 -20 12 -12 -13 -13 5 13 -14 -10 -8 1 -9 0 15 4 -20 -4 -3 -12 8 -4 16 -15 7 -2 19 11 -3 13 7
17 17 -18 18 -11 9 -18 -6 12 17 18 -19 -18 -5 15 6 13 18 -18 -10 8 -13 -8 8 -18 19 2 3 9 7 -3 -5 -10 6 19 17 8 -14 0 -8 -9
13 12 -5 11 8 2 -19 16 -1 15 9 1 -17 15 20 3 -18 8 6 7 17 -13 -11 -5 2 20 -14 9 -16 -16 12 16 -9 11 16 2 11 7 18 -8 -13
20 1 -4 -19 19 14 -16 17 10 8 -4 8 -6 -15 -8 18 6 11 6 -10 -9 -1 16 4 1 19 1 -12 13 12 -18 -16 -2 0 -1 2 -4 5 2 -5 1
17 -9 -2 0 -6 19 15 6 -18 13 10 3 7 14 8 18 -20 17 -5 15 -19 -1 -9 -20 19 6 14 17 18 -1 13 -2 0 4 -20 10 -18 5 -12 18 9
-15 12 -7 -1 2 14 -11 -5 9 14 19 3 12 11 4 7 15 -6 7 3 -13 20 7 6 -13 17 -20 -14 -6 2 -14 0 12 10 10 8 1 15 7 -19 -3
-11 17 -13 10 -8 10 -4 10 16 -11 14 -1 -8 -18 0 10 11 0 6 -2 -10 13 2 6 2 7 5 -10 2 2 -5 -8 13 -8 1 16 -5 -6 -16 15 -13
10 -13 -6 -1 8 -7 11 -8 10 15 -12 -7 -3 -5 -19 12 11 1 -12 -9 18 -18 16 -20 -15 8 -3 -14 -8 8 -13 15 -14 -13 20 -10 19 -16 6 -12 -12
-11 -3 3 20 11 -20 -11 -7 14 -16 -8 -2 9 3 -12 14 -3 2 -11 -18 -19 11 10 19 -1 10 -3 -7 -9 -16 -14 6 8 9 -10 -5 11 -14 -18 18 0
-15 -19 6 3 -1 7 -8 -8 3 16 -6 -11 7 -13 -18 1 9 6 13 6 10 -10 -16 3 6 -15 -10 -16 4 11 17 5 2 2 18 -14 -18 6 0 10 20
18 -4 7 2 14 16 -4 -5 6 -13 12 -19 -6 9 0 -4 0 -12 -2 3 2 -5 -5 -16 11 19 -14 18 -11 -16 16 -13 18 4 -1 20 -19 11 -11 1 19
-11 -6 9 15 -1 18 -5 17 17 -3 18 0 -20 -13 -6 13 -3 -17 1 -14 -15 -2 -6 5 7 5 -4 -10 -18 -17 -17 20 10 -10 20 -1 -10 -20 3 -19 19
15 -17 1 20 -3 7 18 14 -19 15 15 6 -6 -3 -5 -3 9 -14 -15 -1 -6 11 -11 2 15 18 17 14 -3 -7 7 5 -8 3 19 -18 -11 18 15 12 -9
15 1 -1 -10 9 14 -20 3 -19 -13 3 10 2 -12 2 13 3 20 15 -16 13 -9 14 -10 10 -17 -12 10 13 10 5 -18 -3 -5 -12 15 -15 5 -11 20 4
3 2 -17 -16 17 3 3 18 -5 -11 -20 5 11 5 -8 16 0 10 12 10 5 4 16 8 -7 0 -4 18 -3 13 17 19 -10 3 -7 -17 -12 -20 -10 2 -7