37 41
6 7 18 9 -2 17 -4 18 6 -5 -20 3 -17 18 16 -15 18 11 -16 -11 -6 5 -16 15 -17 1 -17 12 -3 16 2 20 -13 6 -5 -3 20 -13 -4 20 18
13 3 10 20 -7 -16 -11 -2 -10 -12 2 12 -20 18 14 -18 -8 -18 16 -8 -15 -12 12 17 -13 10 15 0 -5 1 14 9 -20 -17 -18 11 13 10 -18 -14 2
0 -9 12 17 -12 6 3 16 6 2 -13 16 9 20 -11 -20 12 4 -5 -6 -17 -10 9 16 12 -12 -7 -10 14 2 11 15 -17 13 -11 19 2 -12 2 5 6
-6 8 -17 2 -16 5 -3 -13 -14 -5 6 20 -10 17 15 11 -13 10 -16 11 5 -9 -3 15 1 -3 2 -11 16 10 -7 0 18 -3 3 -18 -20 -17 -4 1 14
-9 -12 -20 12 -17 8 -10 -8 17 17 -18 -9 -12 10 -8 -2 -1 -3 6 -10 17 -3 1 6 9 -13 15 11 -14 -19 8 12 12 15 -9 16 19 19 -15 -16 14
-12 -13 15 -13 1 16 7 9 -20 -11 13 13 19 11 4 12 -11 2 9 11 -9 -18 1 -13 8 11 -10 -12 17 3 -1 -9 11 -6 -5 -6 -12 -16 19 -4 -4
-1 -19 13 -12 10 15 -6 -16 0 -3 6 18 4 17 -12 -5 -17 19 -16 20 -2 -9 -9 10 -4 -1 16 -10 -9 11 13 5 8 1 -20 -10 -18 -4 -6 3 -11
10 -1 16 2 11 11 11 -15 -16 10 16 9 -19 8 6 -10 8 6 8 -20 -7 -16 -12 20 14 -19 9 -20 -13 0 18 9 9 1 -3 -6 6 6 -12 12 15
-16 15 -17 -16 -6 15 9 -20 19 20 15 -11 -4 8 -18 -12 15 -11 -20 -7 14 5 -9 -20 18 10 6 15 -20 14 -19 7 15 1 7 -11 -6 9 -5 20 -1
8 7 13 17 -17 16 14 20 11 19 15 -16 11 1 7 -20 -8 1 -2 18 12 -10 0 14 13 -18 7 11 0 -6 -13 -17 -5 4 -3 3 1 11 -17 15 -7
15 7 -5 16 0 3 -13 14 -9 18 15 4 7 -2 12 -2 1 -2 4 17 13 15 -20 -11 -17 -17 16 -2 -12 10 4 19 4 3 -8 -10 -11 -14 17 -6 14
4 -14 -10 -3 6 8 13 -10 -17 -15 -7 -9 -7 -19 1 1 15 -12 -17 -16 -20 19 -15 -11 1 -5 -7 6 5 4 -5 17 11 -6 -2 18 16 12 -7 13 -16
-13 5 -11 -2 11 -17 7 6 13 19 -18 9 14 0 -14 4 -20 18 -6 11 -1 19 18 -5 16 11 -8 -17 -8 -18 -5 -6 8 -7 13 9 -4 -8 -1 1 -14
18 -20 11 -2 11 -5 13 -2 -16 6 13 10 -11 17 -15 -3 -5 -3 -20 -20 -10 4 -10 -7 -15 10 -7 -12 -8 -4 -16 19 7 -7 -9 -7 14 12 1 18 16
-8 -19 -9 19 11 -12 7 20 -11 -17 10 15 10 5 -1 8 15 -15 -8 5 0 -20 1 15 6 -8 8 -13 15 18 13 5 5 -11 7 -9 -9 -6 -5 19 7
-16 17 2 4 13 -13 -3 6 -15 3 -2 -8 1 -18 -8 5 10 18 20 -8 6 14 14 7 -1 14 -9 14 13 -8 19 19 -1 8 16 -15 20 -18 -9 -9 -2
-15 -13 -19 -20 -17 6 -6 -7 -9 -13 -2 6 -10 19 9 -11 10 14 -2 5 -12 -13 -20 18 13 2 0 -12 3 -6 16 -4 -2 9 -2 -19 -18 9 -13 3 -12
10 -2 15 -1 -17 11 2 -18 -2 -3 5 18 8 -1 -20 -10 -18 12 -8 -1 9 -3 -15 -7 11 -14 8 3 -4 -7 -17 -12 -12 -7 16 19 -13 3 18 5 -4
13 18 -10 9 -9 15 10 -15 9 17 -11 -19 1 6 -7 10 10 1 3 10 12 9 19 -20 -12 0 -18 -16 -18 -13 10 15 15 7 15 8 8 16 20 8 15
-10 2 -20 13 -1 -3 13 -7 16 9 -14 7 11 -7 -6 -3 -5 20 2 -4 -8 16 -5 3 14 -11 -9 -2 13 -9 4 -3 -20 0 -14 -3 12 -14 -8 -3 0
-15 -1 0 -12 6 -12 -18 -5 11 10 -16 4 -9 17 5 8 -16 -9 15 8 7 17 -5 -4 -16 13 -19 2 -12 14 -19 11 17 16 1 -4 -2 -20 17 5 15
-4 -16 17 -13 15 -7 2 14 -2 14 18 20 -5 13 6 20 13 -5 -9 17 3 10 -9 8 15 1 -4 -12 -6 13 -15 12 3 3 4 3 14 -5 0 20 -17
0 14 -10 -6 2 17 2 2 -3 -20 7 13 -8 8 -8 -17 -3 -1 -3 11 20 12 6 12 9 -3 -14 -8 20 -1 17 12 12 -3 -7 2 17 -10 10 7 3
3 4 11 -7 6 12 8 13 11 -18 -19 1 -17 -7 4 12 -14 7 -3 -19 19 -19 -10 4 -12 0 -12 -15 -3 -16 -11 7 20 13 -12 -19 -9 -4 1 -15 6
-16 -12 8 18 14 -20 -6 10 18 16 3 -5 -13 -5 -19 19 -13 -14 -3 -9 -11 2 -2 0 0 -14 13 5 -19 4 17 -3 -3 14 -1 -14 14 -14 15 -2 10
-18 1 16 -6 -11 -6 14 -19 6 -17 -9 9 18 -6 -14 -20 9 -10 -3 18 -1 13 -8 19 -16 -1 -14 -7 -6 -20 -2 20 -17 -15 14 -2 -17 -7 -14 11 14
-16 -16 19 1 15 10 -15 -15 18 -20 -10 17 3 9 -5 -3 -11 10 -10 -5 -10 -4 18 -20 -2 14 15 4 18 -12 12 -16 -8 6 -12 -5 20 -11 -8 -16 -4
-16 -8 8 1 1 -10 -3 -4 7 -18 7 -11 -2 6 -18 -18 0 -6 6 -5 20 -10 -4 -12 -6 -7 4 -3 -1 4 8 -6 5 4 4 -20 0 18 14 3 11
11 4 -17 4 5 -16 -4 5 0 3 15 -20 -12 18 10 -13 -1 -5 15 -18 10 -12 17 16 0 -6 2 -14 9 2 20 -5 10 9 20 -12 -14 3 -11 -2 -9
-11 -16 -2 2 16 12 11 9 8 -19 -18 -15 9 -14 -7 10 19 20 -15 -13 7 -2 0 -17 -15 6 -2 1 -17 -19 -4 18 12 8 14 16 -15 3 16 -16 3
11 -7 1 4 11 -13 13 -11 20 10 15 0 -12 -4 -4 -18 -14 13 9 12 -17 -4 8 6 -11 14 14 1 -20 19 19 -4 7 13 10 2 8 20 -9 8 17
-8 10 13 18 -2 -19 -2 20 4 1 -17 20 -12 -15 -14 -1 18 -14 -10 -18 -12 -8 -10 -6 -9 -9 10 -3 3 17 5 -7 19 3 19 -12 7 1 -7 19 -9
18 8 3 9 -5 -13 5 -12 -19 -5 -4 -16 -1 -9 -12 5 -17 7 -7 10 4 -20 8 14 6 10 -15 -20 5 7 -15 16 -8 19 1 4 -10 -8 8 -18 -6
12 2 10 -19 6 13 7 4 4 17 -5 4 -7 -5 10 -11 5 -20 13 -2 5 7 15 19 13 13 5 -14 16 -15 17 -16 6 -5 -19 -8 -18 -12 -18 -18 8
-20 -16 -13 18 -4 3 -15 5 -7 -19 -1 13 -13 1 3 14 18 -14 10 0 -15 -14 -3 9 -16 11 -3 10 -14 -16 11 -5 7 18 2 11 20 7 -2 -20 7
-19 -18 5 -9 -2 4 16 17 4 15 -16 -6 19 13 -20 11 1 -11 20 -10 -16 13 0 -17 15 -20 -8 11 7 -10 -5 6 12 -12 13 7 -18 -5 16 -13 13
-6 -1 15 -5 -13 8 7 -4 5 -8 -12 -18 -18 17 -16 20 -1 9 -4 2 -20 10 19 -8 13 4 3 -18 20 -9 19 3 -13 18 18 -8 14 18 -6 -9 -7