37 41
4 7 -13 -18 -3 3 13 4 16 7 -14 7 18 -8 -2 -5 -19 3 5 -4 -19 -8 -6 11 -14 -14 -19 17 11 -20 5 9 2 18 -13 -14 3 0 -7 12 7
3 -17 15 4 18 9 17 -7 10 9 5 -6 -15 20 -3 -5 -11 4 7 -3 10 2 18 -16 14 -17 13 1 -5 12 -5 1 -9 -5 1 -8 12 16 -9 -17 -8
2 19 1 6 20 16 14 17 -20 0 -7 -7 6 -14 -5 -4 13 12 -3 -3 10 -19 -17 8 -12 4 19 -18 6 -7 18 -6 12 -18 -15 3 -20 13 6 -19 -7
-5 6 -1 -1 7 9 11 -10 10 19 1 -6 -19 7 -5 -5 -7 -14 5 9 -4 -8 15 -11 3 -8 -6 2 3 1 2 -18 -17 14 13 4 -12 13 13 -19 -20
19 -17 4 -4 18 -20 -12 -14 -13 12 -5 9 -15 -18 -4 11 12 10 -19 -16 9 9 -17 11 12 -7 -6 -19 18 -9 -10 -10 1 12 15 -6 4 20 17 -6 -12
-18 16 5 -9 -20 -20 -16 -8 -14 17 -14 -7 -11 6 -20 -16 -6 -17 -13 -20 -16 4 -14 -13 -1 -11 12 -17 -7 -1 -8 2 -9 -13 20 3 -1 0 13 -4 -10
13 -5 12 20 18 7 -17 -19 -15 0 -9 -2 -15 -6 4 -13 14 -16 4 -1 -8 -10 -17 10 7 12 10 -10 10 -11 -4 15 6 -7 17 16 10 -19 3 13 6
-15 -18 4 15 -2 -20 -7 12 -18 -18 3 13 -9 10 8 -18 -1 11 -8 14 -7 19 7 16 -7 -2 -20 5 -16 15 4 0 -20 -11 -20 12 1 1 6 11 -13
-4 15 -12 -14 1 -18 2 18 17 7 13 -17 0 -2 -3 -17 1 6 -13 -14 6 -9 0 14 -6 10 16 -20 0 8 18 0 8 0 7 -4 -10 11 -8 5 14
1 -13 15 15 -2 18 -1 11 -13 -18 3 4 0 14 1 -7 17 -8 -18 -11 14 -13 10 13 -2 -6 -11 20 7 -10 -19 -17 18 -16 6 7 19 -8 12 -5 -1
8 -12 3 17 -12 10 -1 3 -5 -14 -4 2 10 20 1 -10 4 2 -13 9 5 7 10 -16 -6 20 -8 14 -10 11 6 -11 -13 -17 0 11 -9 -19 -11 6 8
4 -14 20 -20 4 0 -1 -4 0 -13 -5 12 -10 13 18 -12 -16 2 9 14 -7 -13 1 -9 0 10 -8 5 -3 -10 -4 -7 18 -12 -18 -1 -19 16 -19 -11 -9
-5 7 -11 -2 -8 3 -9 -4 -18 -15 4 12 -16 -13 -17 1 0 0 0 20 10 12 9 18 -11 2 -1 -8 -5 -8 11 20 -18 3 12 -2 20 5 -14 -18 -2
17 5 -4 0 -11 -10 -11 -8 3 20 18 19 -8 19 5 11 -18 -12 18 -15 -7 -11 -8 6 -18 -4 -3 20 -4 -1 16 4 11 -19 4 17 -14 -16 7 20 -17
-19 -15 -5 -9 20 5 -16 3 3 -13 -16 -13 9 11 20 5 14 -8 19 -20 7 -8 -5 -4 -13 16 -10 -10 13 20 8 7 -13 2 6 13 -2 0 -1 18 -7
-6 20 16 -5 15 4 -18 10 -2 11 -1 11 0 19 16 15 20 -18 19 -15 11 -12 -12 3 7 -7 0 5 -6 17 4 -4 -11 -11 -1 9 -10 14 5 2 8
-17 -15 14 1 0 1 -5 -16 -15 -11 12 -6 -17 15 -8 19 -3 -9 13 -15 -13 -10 -7 -17 15 -8 17 4 13 14 8 -15 -6 17 9 8 16 18 11 -16 -4
13 -3 11 -20 -3 -14 -6 12 -12 -9 -16 12 -15 0 -9 0 -17 -17 -11 6 6 -6 12 5 0 -18 17 -6 8 -9 -13 8 8 17 -19 -1 5 -3 0 18 -15
7 5 -9 -13 11 -5 8 4 -13 -8 16 1 12 19 0 -8 10 10 2 -9 -17 -3 17 -8 -11 6 -5 -10 19 -9 -4 -6 -15 -10 17 -4 -1 -12 9 -14 20
0 5 -8 11 -13 -2 8 11 3 0 7 -3 15 -8 15 -2 14 13 16 15 13 9 -3 -11 -10 0 -14 12 4 17 -3 -15 -9 10 -3 10 -12 -10 -2 18 15
-19 -5 4 -17 14 0 -1 19 20 -2 9 -3 -11 12 -3 10 0 -13 -20 18 -2 -18 -19 -19 11 -5 -5 13 18 2 5 10 -3 -4 17 20 1 -5 20 7 12
-16 5 -2 -13 19 19 -5 17 -17 0 19 8 7 -10 12 5 8 -10 1 -14 20 -11 -4 -4 -19 12 4 16 -19 -17 -11 18 20 -5 1 -20 -13 3 9 8 15
20 11 -2 18 -3 10 10 0 13 -19 12 17 15 -19 -2 -3 -20 -20 1 17 16 18 -15 11 -19 7 -7 -5 16 18 15 -10 -12 -17 -3 -7 -19 -6 1 16 -13
0 14 -2 6 -9 -2 -12 18 14 15 -18 -5 -19 12 12 -3 13 10 19 20 11 -7 0 -9 0 15 -11 -9 3 18 -19 7 11 -7 -17 19 -5 -13 -9 -1 11
-9 2 -4 9 9 12 0 3 -4 -1 -19 20 0 -17 11 -16 12 16 -15 -7 12 2 -8 -19 20 8 5 -7 -13 7 9 -5 -2 -3 -9 18 -12 7 15 18 11
-2 14 -6 14 20 -1 -12 -20 -11 -7 11 -5 -7 -13 -4 -18 -17 -18 4 -9 1 15 -15 13 -20 18 -17 -14 19 -8 12 -1 -2 -11 19 9 17 11 -6 -11 14
20 3 -11 11 10 5 8 -19 20 19 3 2 -9 15 9 -10 -8 6 -14 2 3 5 16 6 -2 -3 19 5 14 -13 -13 -11 -10 -17 16 18 17 18 5 -18 -5
15 -19 0 -11 17 -2 -7 8 4 18 17 -10 -20 -14 -15 -13 12 -12 5 8 5 12 15 -7 13 -12 3 0 -8 -2 -5 5 -8 2 19 -4 -11 19 15 10 17
-2 4 -5 -8 -9 9 -11 11 2 -10 3 8 5 -18 -18 -9 -12 -20 -9 -14 4 19 7 7 1 -9 20 -15 -16 -16 9 -14 -7 18 16 9 -14 -11 16 18 -4
-20 16 5 2 20 9 -19 -14 -6 11 -2 -18 -12 7 -5 15 20 4 -11 12 -10 -2 0 -13 7 -14 -14 11 -17 -11 -16 2 -3 -13 -12 18 11 0 19 -3 16
6 -4 -15 10 0 -13 10 2 5 -4 16 8 -19 20 20 7 -14 -7 -20 19 -12 16 -17 0 7 -18 -1 -18 -1 -6 12 -7 -9 16 20 11 -2 -1 14 20 5
-19 4 -4 7 -17 -15 10 5 20 18 4 8 6 0 16 15 14 11 -5 -18 19 -7 -10 16 -14 -2 -5 -12 20 14 9 6 14 3 3 -1 13 -5 -16 -10 -18
-4 7 11 -18 6 4 18 19 -1 -1 18 6 -16 18 12 -17 -5 -2 16 -2 -16 -5 13 -18 18 -11 5 -3 10 -1 -17 8 -11 -2 12 11 -16 -19 4 12 1
-17 4 6 15 -14 3 17 10 -9 16 -14 15 -11 -12 -16 -7 18 -15 -16 -12 6 20 7 20 -3 4 -2 -5 8 20 -6 15 5 -15 7 -15 -12 9 11 -1 3
-17 20 -16 4 -17 -18 -19 12 7 -18 -6 -8 -14 20 -19 -7 -19 -3 18 6 14 11 -3 18 17 -8 -9 20 -3 8 -15 0 2 -3 -8 0 -16 -3 6 -19 -7
6 16 -2 -13 9 -18 -6 20 5 -7 -19 20 -17 -10 -3 17 11 -1 -5 6 -9 -20 -7 -12 6 -20 5 8 10 12 -7 11 4 9 -16 -5 -17 -4 -6 -3 15
-6 -15 8 0 16 17 10 9 18 -12 14 -10 -4 12 9 7 -2 -10 13 -20 13 -3 9 0 13 -12 12 20 18 6 1 -10 -16 -7 4 -12 -16 0 -8 -3 -6