37 41
18 -6 18 -8 -15 10 -20 16 2 -2 19 14 1 -19 -15 18 -12 -17 16 -15 -2 -15 9 -16 11 -8 11 -9 -4 -19 0 19 -12 -1 -6 3 -1 -17 8 8 -12
20 10 13 15 9 19 10 11 4 8 12 -8 4 17 -2 0 18 1 -19 -12 6 -12 8 -11 -9 17 -8 6 1 18 -19 -16 0 14 14 19 17 -3 -11 4 8
8 3 3 -5 10 -1 8 -9 -7 -17 -2 19 -15 18 -11 -3 -11 -14 12 -13 5 -3 -13 4 13 -2 15 9 10 -9 -15 -17 -6 -18 -9 20 -3 -2 4 -17 -7
-10 2 13 20 20 -19 7 -9 4 -20 0 1 -10 2 6 18 -9 3 -17 -20 -11 19 18 -10 15 -6 3 0 10 11 -7 -3 19 10 -7 -8 16 17 -15 -3 17
0 -20 -7 18 12 -7 9 2 12 11 9 -19 -4 -10 13 -18 8 4 18 19 7 -15 -12 -12 5 1 -12 -15 4 -20 19 -4 -18 10 -2 16 2 9 -16 9 16
12 6 -7 2 -6 17 -11 16 -19 8 -7 -14 -16 3 -19 16 -2 -6 -5 -20 -19 -8 6 -12 -11 14 -6 8 -8 -3 13 9 0 0 -8 0 6 19 -5 13 -15
-16 12 17 1 15 -15 -4 -15 13 -18 14 16 9 1 -6 20 -17 -11 -17 -15 1 10 4 -18 -5 -14 6 9 -15 11 -3 10 8 19 19 0 -1 -7 17 6 -14
0 -7 6 12 -1 -12 13 12 -1 -17 -4 3 -6 -5 -5 -10 -15 -15 9 -13 2 -1 11 -11 20 -20 -20 20 14 -1 1 -7 -12 -19 -7 -10 0 11 -5 -8 16
18 5 -20 5 11 -9 -4 -1 -18 3 15 2 -19 17 3 -9 -7 15 19 20 11 -11 12 -15 10 0 -5 10 -5 -17 18 -11 3 -7 -11 -5 -16 -14 -2 5 -9
-20 -3 -9 -13 -18 20 -16 14 -20 -14 4 -4 -2 -17 4 -13 -17 -5 20 -17 -5 10 -20 -7 13 18 11 0 -20 5 -2 -2 16 4 -18 -7 -11 3 -12 0 9
-15 -18 -10 -7 -17 20 11 -6 11 -7 -5 13 10 10 13 -4 -10 -15 -15 -19 -9 13 -1 -20 3 15 -20 -9 6 12 18 5 -10 -14 -2 20 2 -9 19 17 5
-15 -15 -6 8 7 14 16 7 -9 -9 9 15 2 -8 15 13 19 12 9 -16 -19 -9 -11 12 10 14 5 15 -9 -5 -13 -9 15 15 4 3 10 -4 3 0 17
5 -10 11 -9 20 -18 -4 17 -9 -6 -10 -7 0 18 16 1 -1 -1 0 8 -20 -16 7 -6 -7 15 10 8 13 -1 9 -19 11 -17 0 3 15 -20 2 -7 -19
17 8 4 -1 -1 -5 -13 15 17 15 17 13 -17 -14 -13 -10 20 -4 3 -2 16 11 6 2 -20 -15 -4 0 -14 12 10 -15 14 -7 -17 0 15 12 -10 -20 -2
-6 -2 5 -11 6 -14 -4 -9 9 3 -4 18 -15 15 20 -14 17 19 14 -16 19 -7 6 -18 15 -7 1 3 -12 15 4 -18 18 11 15 -19 -1 20 7 -16 11
1 4 0 1 17 -4 -12 17 11 -10 -15 18 -7 -19 4 6 5 -12 -5 -1 -3 -13 19 -3 20 -12 4 8 11 11 7 -19 5 16 19 10 -13 -20 -19 -10 7
-4 -17 -17 8 -5 -11 -17 15 8 18 -13 -18 -11 -14 15 -3 -19 -10 0 13 -3 -1 12 9 -9 0 13 14 1 -6 19 7 20 -14 1 -1 -17 14 6 16 7
-1 -18 -19 8 6 2 0 -17 -18 -7 -12 -18 16 -9 7 16 -9 -5 -2 -17 16 4 19 -7 -2 -14 -9 14 -17 18 14 -3 -14 -15 -18 4 -10 -11 14 13 4
-16 -10 20 9 -8 11 -5 14 -18 12 18 -7 -14 -16 -10 -3 0 -11 3 7 12 4 7 7 19 6 4 -9 6 -13 5 -17 -20 -15 -15 0 -3 6 -20 -1 -15
8 13 -6 13 4 -9 5 5 -3 0 -11 18 7 7 -3 -15 -19 7 -14 11 12 17 11 6 -10 0 -20 -6 15 11 -4 -20 7 4 -16 -6 4 19 9 -19 -1
-16 10 -16 13 14 12 -6 -13 -19 -4 -6 -20 0 8 8 -8 11 -15 -6 12 6 -4 -9 -1 12 4 -10 -6 -14 -14 16 12 15 0 16 18 -6 12 -8 -15 5
6 10 17 14 0 -4 -7 -12 15 -16 6 5 6 -1 -16 17 -7 -19 20 2 -16 -20 17 -12 -11 16 18 -8 1 10 10 -18 19 -7 4 -6 15 -3 17 18 -14
-3 10 -17 13 3 -10 -17 -2 -10 -4 -13 -1 -1 -16 -18 19 -8 -2 14 2 -18 -6 17 6 -4 14 13 4 12 7 -15 17 18 -4 -11 -8 11 -8 19 -10 -12
3 -16 -17 -18 7 -6 19 13 13 -9 11 -13 -8 -3 1 -17 -20 -4 2 2 17 -12 -14 4 11 -16 2 -15 4 -4 16 12 16 -20 -1 11 2 -20 10 -5 18
-19 2 15 -19 1 12 -1 -15 -2 -7 0 -10 18 -6 16 0 -8 -9 20 16 18 10 -19 7 15 7 -4 17 3 -2 9 -11 20 -12 6 -16 20 5 -15 -18 11
2 14 -12 0 19 6 3 20 7 -15 4 -2 6 -4 -4 12 -14 1 3 -6 2 -15 19 18 -1 13 -11 -11 -20 3 1 16 6 20 -11 0 18 -20 19 19 -17
5 4 6 17 17 9 -20 -5 -10 -8 12 -17 -14 13 -18 6 -9 10 -20 19 16 19 -12 -16 0 -1 -12 6 -4 -14 -9 -12 -14 15 13 6 19 -4 -10 13 4
-1 -10 -2 -18 20 -1 -6 1 -5 -4 -17 1 -13 0 -5 -9 0 -1 -6 6 4 13 -2 -12 10 -17 5 -5 8 -1 -18 9 12 17 -3 -7 -4 -3 13 6 -8
7 15 3 12 3 10 4 20 -11 -12 -5 -16 -4 -3 -4 -10 2 -15 -19 3 -3 4 4 5 13 -15 13 16 9 10 -15 4 14 7 6 17 -12 -16 -6 -12 -13
-4 17 -18 -1 -11 16 -6 6 7 -15 -11 -14 -8 5 11 11 0 15 0 18 -8 -20 -13 -1 14 19 -20 -5 -4 12 -19 15 9 10 11 -19 20 19 -6 1 -11
-15 18 5 11 15 -16 -20 5 11 12 5 -12 11 -15 -15 -1 12 6 -18 1 8 2 11 15 -14 -16 10 11 -11 -15 11 16 16 19 -18 -2 4 -7 -11 15 -20
13 12 -11 -18 -17 9 -10 -2 0 12 16 17 -9 -12 -17 -14 18 3 4 11 -20 -16 -4 3 -13 19 -5 -7 0 -7 9 7 -11 -10 16 11 20 16 18 14 -8
8 -12 4 12 19 11 -11 -19 2 -20 14 13 -10 -8 19 16 20 8 9 9 -9 -1 -16 11 -18 11 7 -15 -9 4 14 5 7 -16 20 -20 14 3 -15 -16 18
-4 -17 -19 -13 9 -1 -13 -15 2 -1 -17 15 4 -11 3 3 20 12 10 15 2 6 2 6 3 6 9 -13 -11 10 -10 -5 20 -8 8 14 -6 1 -1 -12 -2
15 12 -19 1 16 -3 -9 -6 9 -19 -15 -16 19 18 20 14 -16 -20 11 -3 -5 -7 13 -19 -10 12 12 -6 -18 -9 3 13 -3 1 -17 6 20 -13 15 4 4
-2 17 -11 -7 10 14 -4 -14 4 -17 -2 -11 1 -12 -2 17 -1 18 13 0 20 -7 -8 -3 -15 16 4 5 -19 -15 10 -14 -13 17 -11 -15 -14 2 12 -6 -12
-18 9 -16 5 3 4 -9 -12 -12 0 2 -19 16 -16 -14 6 12 -10 -4 -3 -15 -19 11 11 19 19 -20 18 -19 -4 -15 19 -8 10 -14 -11 19 0 0 7 1