37 41
13 -9 4 -1 -9 7 4 -1 -16 4 11 3 -13 -10 5 3 -16 18 -15 -1 -6 -3 -1 6 8 -13 -8 -18 17 11 -13 -12 12 -9 -16 -19 0 14 10 -11 1
-15 -10 -13 0 -8 2 -9 6 -13 -18 18 15 6 -15 -7 8 -3 16 9 -19 0 18 -18 4 20 -17 1 11 -8 -5 6 0 -14 -8 9 -6 -8 3 -16 -2 -20
-5 10 -20 -7 5 -9 16 -10 -15 20 -16 -15 -6 -8 -15 20 1 -5 10 -14 -4 -19 -2 -9 -16 14 16 -15 -1 9 -4 -20 15 -1 -4 10 6 5 2 9 -3
-14 -19 -12 7 7 2 6 -1 -2 20 2 10 6 -7 0 0 -20 14 -9 -19 -9 15 -11 -16 -15 -12 7 -15 -19 19 -18 3 -19 5 13 -11 15 9 -20 18 4
20 -20 19 20 -2 6 -10 6 -3 16 -17 10 12 14 3 11 11 17 -17 16 5 16 -10 -18 -4 -19 -4 -16 -5 -19 -9 -15 -11 5 -5 -7 -9 -17 -11 5 -13
15 -19 9 14 11 16 7 13 -13 0 14 5 7 16 10 -8 1 9 -13 -11 6 19 7 17 -13 6 -10 8 -10 7 -10 18 -2 18 -1 2 -17 10 16 6 -1
-10 14 0 13 0 -19 -18 4 13 -5 -9 3 -2 -15 4 -10 -7 -14 9 -11 -17 10 -14 19 20 -6 -4 3 14 20 -17 0 18 12 6 15 -11 7 6 -11 -5
-6 -6 -2 -7 -8 8 -18 -13 -8 -3 -1 -17 -7 -3 -2 17 -6 -5 -4 19 -1 2 -6 18 19 4 7 13 -20 -19 12 -20 4 -12 -11 -5 -8 14 -19 20 -17
-10 6 18 18 8 19 7 -14 19 -12 13 1 1 20 19 -17 -1 -1 19 4 17 -15 7 -1 10 18 -4 -18 -19 -15 -20 -2 13 2 0 -2 -15 18 1 8 19
7 -3 -1 19 -8 7 -2 9 -6 -6 -8 -16 -3 -4 15 6 5 -17 -20 14 0 16 -19 -8 -7 1 3 -9 13 -1 17 -13 -11 -8 -15 2 16 16 -14 16 -20
-18 -7 -15 -15 3 0 -1 3 13 12 -5 16 19 2 -19 -2 3 20 -5 -4 -13 -8 -3 -20 -6 -19 -18 -11 -14 -19 -12 -8 14 13 -5 16 18 4 -19 -9 0
18 -15 14 -8 -4 18 -1 -9 2 11 -9 16 -12 -3 0 15 -15 4 0 -15 19 -16 -7 -7 0 20 -2 10 2 9 10 -9 17 -6 15 9 -17 -3 -14 -10 -19
0 -4 0 6 17 -20 13 20 9 16 11 12 5 -17 -1 17 -6 -1 -7 9 -7 -12 3 -9 8 -11 -18 -2 6 -13 -11 14 6 18 -15 -16 16 20 20 -4 2
0 17 -9 -11 5 3 -16 20 -20 -11 16 -17 -3 -14 12 -4 -15 -17 -2 -18 -4 6 -16 -9 20 5 -20 -18 -1 -13 -19 18 -11 -5 13 20 -2 6 15 -12 -19
-10 -1 14 -7 -9 2 4 -14 -13 -11 -12 -6 -12 18 -6 -9 16 -5 14 16 -15 11 -4 -12 -19 -1 -3 -11 -14 0 -9 -3 7 2 11 -15 -7 -18 12 -10 -18
15 16 9 -13 14 16 -18 13 4 -2 6 -9 -20 15 16 10 7 -12 20 7 -12 8 9 -20 5 -15 -2 7 12 14 6 5 -10 -20 16 4 -8 19 15 1 8
-17 -6 -10 -6 16 16 7 3 -20 -17 -2 14 17 -19 12 -14 9 -12 15 6 -3 -17 17 19 11 4 10 2 -2 -6 12 -8 18 7 14 -14 15 14 -4 8 -7
-5 10 2 -4 -3 7 9 -7 4 16 3 19 -14 13 -4 5 16 1 -2 -19 -2 -16 19 -3 -1 5 11 6 13 1 16 -8 -9 -5 -10 19 7 8 -5 -7 -8
-17 -6 10 -5 -16 17 -10 -2 -3 6 17 15 6 -17 -11 15 -2 -20 -12 2 9 4 12 -12 -4 17 -20 -19 13 2 1 20 7 -3 -4 -16 19 4 0 5 12
-13 16 -7 -14 -10 12 -11 3 -2 7 -4 -9 -5 -18 -4 18 -15 10 -14 -8 13 -19 -12 -13 -2 1 -14 -20 5 -3 14 -9 8 2 13 -8 5 0 -9 -16 8
19 13 -8 -4 -8 10 -13 -9 4 -11 -18 -11 14 -7 20 5 8 -11 -14 -16 -15 13 -2 2 15 1 -8 -5 -3 -12 20 16 -11 8 17 3 -19 -16 -1 5 -7
-6 -18 14 18 1 -3 17 -13 -16 -6 6 -5 9 19 1 -14 5 7 2 -11 15 14 -7 11 -9 3 -18 12 -12 -19 -14 17 -5 13 -5 -16 -11 -15 -4 -15 18
5 -7 -19 -18 -9 -19 17 -14 9 8 2 10 -7 -1 -8 11 16 14 4 10 12 -20 8 8 -14 8 16 -18 -13 0 9 -14 -20 19 3 -3 -20 -16 -10 -4 5
-18 -5 -20 -13 3 19 -8 9 12 -8 16 16 11 -18 11 19 2 10 5 0 1 -17 1 -11 -12 -4 -13 -8 -17 -15 8 19 -5 -2 6 -16 -20 4 -11 20 -19
11 -7 5 -3 2 3 -14 -5 -1 0 6 11 -3 16 7 16 -11 16 4 -4 4 -20 11 -12 9 20 -12 -2 -19 -14 -11 7 9 20 -16 -17 11 -20 -13 -10 15
-5 0 -18 -15 -6 -18 -18 14 12 12 -4 -19 10 -20 19 17 9 1 -8 -10 -1 -10 14 0 -8 14 -2 -19 -16 20 -13 -14 1 -10 3 -15 -2 -2 18 0 16
-14 -14 6 -3 8 -19 7 7 -20 4 -14 15 4 -11 -15 -13 -1 0 12 14 -9 8 -16 -18 15 -9 3 12 2 14 7 -3 6 -20 -2 -17 -6 -10 -7 -1 18
-5 -2 11 -4 6 10 1 12 -12 -10 3 -3 11 -7 8 -1 7 -8 13 17 12 -16 -6 -15 1 -8 14 20 2 -1 2 7 14 13 8 -2 18 -7 4 -14 -2
-6 10 18 -5 -18 -3 -13 -12 -20 3 -16 9 -5 13 0 -5 -19 -4 -7 -6 -19 -10 -3 19 -3 -8 -18 -2 -3 -13 4 -9 4 -14 2 14 -13 0 3 0 -2
-13 -17 -7 -12 7 -13 1 -3 -19 -17 0 8 17 16 5 9 4 -14 14 -11 20 0 7 20 -13 18 18 3 -5 -3 -16 -5 1 -4 -6 -15 11 5 4 -17 -18
-7 8 13 -16 -19 11 3 2 1 -18 -9 -7 -12 3 8 13 10 -11 -3 16 9 -18 -3 8 -15 -2 18 3 9 -1 -15 5 10 3 -20 10 -20 12 11 0 10
-10 -2 20 1 -19 -15 -7 -13 8 -20 -6 -4 19 -14 -2 -8 8 -7 -20 -4 -7 -10 -11 -7 14 -16 19 -16 1 6 14 -6 11 -18 -19 12 -8 -18 -13 -2 -7
-13 -18 12 -12 16 7 18 -14 -6 -18 13 -16 -2 11 19 -9 -3 -1 -12 20 14 4 5 16 1 1 16 -10 8 -8 -19 -9 18 -2 18 8 -18 -1 16 -5 -8
-6 -16 0 -16 -19 -14 -1 9 15 -15 1 -3 20 -9 4 9 5 4 -18 -12 -4 19 11 13 5 8 13 -7 -9 9 15 -15 -17 -10 -19 17 -4 -13 9 -8 -3
7 8 -19 -8 -17 5 -10 5 12 -5 2 13 -5 -3 -8 -20 13 20 -3 17 -20 10 7 -19 -17 13 -2 4 13 19 -15 12 -8 5 -2 3 -4 0 13 -4 15
-8 5 -17 -10 -2 18 17 -19 9 -17 -11 8 -15 14 17 13 1 -14 1 -13 12 -9 16 15 12 12 -18 -8 -20 -7 16 20 3 -3 -16 8 13 -7 -18 -15 -12
-6 13 -14 -15 -17 15 6 -7 11 -19 11 9 -17 4 -13 -17 -18 -8 -10 -2 -1 -7 5 -18 -3 -5 3 -17 18 -18 12 -18 -19 14 -14 6 8 -4 9 10 -10