37 41
5 -10 14 -10 7 -2 3 9 5 12 14 -7 -18 16 -4 15 -7 6 13 -8 14 -19 16 -2 18 -11 -6 -5 0 2 2 -16 3 13 19 8 -14 -16 10 8 -4
8 8 19 -2 -15 -5 -12 -13 13 -10 -8 16 15 0 -11 20 -13 -10 15 -7 17 -10 0 11 -4 1 17 -9 16 -4 16 9 19 -1 -20 6 4 16 1 -7 1
6 -2 10 -14 13 13 -11 -7 11 10 7 20 -12 -7 -6 10 -11 -6 11 -9 -17 -9 -11 -5 13 -10 -10 -18 -19 -15 10 -15 20 -2 -10 4 17 -12 0 7 14
11 -14 -4 10 -15 20 10 -20 3 16 -12 -2 -3 11 0 -3 -17 13 20 -19 -16 9 -11 -20 -13 8 9 9 -19 -17 4 -11 18 8 3 5 15 13 7 -2 20
4 -20 -3 16 -19 3 8 -19 -14 17 4 20 -7 -13 12 -16 -5 -16 1 -20 0 -2 18 -9 7 17 1 -8 8 -13 -19 -4 8 -5 19 -1 -3 -10 -20 -15 7
-12 4 4 6 -13 11 11 -16 -15 7 -19 -12 9 -7 14 -19 20 -15 -8 18 -3 -4 -19 -5 11 -16 18 -12 -20 1 12 16 6 15 11 -2 5 13 20 -1 -19
15 1 -18 10 12 -3 19 14 4 -14 -11 -19 -8 4 10 -13 -4 -14 12 15 -9 11 -1 -18 13 -7 8 -14 -2 -5 -2 4 -5 -3 5 -20 -2 -9 8 -8 19
2 2 7 -17 13 -9 18 15 19 11 2 -10 -14 -8 -15 -8 -2 7 -1 -9 -6 -7 20 3 -5 -12 -20 11 -6 -7 11 9 -18 -13 17 -13 6 17 -3 -4 2
-18 13 14 15 -16 -19 20 -1 -6 3 10 18 -2 8 -1 -7 -1 13 -17 -13 18 9 -4 11 -6 -16 -15 -13 0 -19 -17 1 -6 -9 -11 6 11 -2 17 2 7
5 -11 -17 -1 -9 17 12 12 -17 7 0 19 14 9 5 2 -5 6 -18 -5 -20 -10 -14 -3 -9 -18 8 3 8 4 -18 13 11 2 13 10 7 14 16 -5 -2
10 -12 -5 -17 -4 -8 -6 5 -9 3 -17 -12 -16 -17 9 -11 9 2 9 4 -9 13 -17 -8 8 4 4 18 -8 -5 -15 4 11 16 5 7 -5 -5 4 2 0
-9 -11 10 10 16 11 20 -18 -10 -7 -11 -11 -10 -18 -13 -9 16 -20 1 -2 -6 2 -14 13 8 20 -14 5 9 15 15 12 7 -13 -3 4 -13 15 -18 5 4
-8 19 -9 20 3 -2 10 17 -13 -20 6 8 16 -3 -15 -15 -5 10 3 10 -2 -12 11 14 -8 0 -1 3 -17 -11 13 -5 6 18 5 18 -15 4 0 17 2
-9 -13 -17 -7 8 -6 -11 -13 1 -6 11 1 15 15 3 1 -8 -17 -7 17 -18 4 -6 14 -13 -14 -8 -14 13 14 3 -2 6 5 -13 -3 -2 -5 5 -7 -5
-7 -18 0 2 6 15 -13 -10 7 -6 7 -17 -9 15 -10 -8 -17 14 3 -12 -11 15 8 15 -12 3 4 17 20 7 -6 16 0 -9 9 20 -12 10 -3 18 1
-9 16 18 -18 14 -1 18 -8 6 -14 -14 -12 -4 -1 -17 -12 8 5 -19 8 20 7 -10 10 17 3 20 -16 20 -14 7 -17 10 10 6 10 -11 -18 -5 -2 -13
-18 19 -2 -14 17 -15 -11 -6 -18 -14 -5 -6 3 -1 0 -19 -8 8 -1 -17 13 14 4 -10 -3 6 19 -17 -16 -1 5 12 -5 17 11 -11 -7 -6 16 -13 13
9 20 5 1 -17 -7 -15 -12 -2 -8 -15 14 -7 4 2 8 20 8 1 11 18 18 -4 -10 20 -13 -14 -20 -7 -3 6 -14 16 -8 12 -19 20 15 -1 19 2
17 -5 18 -15 13 -4 7 17 2 13 0 7 -3 8 17 -6 6 -3 -1 -11 17 -16 13 2 14 -6 16 -12 13 -17 5 14 -7 20 15 -12 -16 10 10 -1 7
-2 -10 -8 -17 -18 -11 20 3 -8 8 -9 -8 -19 -10 6 -2 -12 -4 -14 12 -17 9 9 14 13 -1 -5 -5 1 -10 -17 12 -12 8 12 -20 7 15 -8 0 -7
-10 4 -11 -11 3 -11 5 -7 20 10 18 13 16 -1 20 -19 -17 -17 -19 -18 2 0 17 -14 -18 -20 -20 -2 -17 7 0 -10 14 20 17 14 -5 1 19 6 16
-10 12 -15 19 -12 -15 20 19 1 -10 15 19 -3 -10 11 -1 -12 17 12 -6 -14 10 -11 -10 15 20 -1 10 4 -1 17 11 18 6 3 1 2 15 0 17 -14
13 -8 13 6 1 -14 2 15 11 -12 -17 18 12 -18 -9 2 9 7 -5 -9 -17 -17 -7 -10 17 8 -1 7 6 19 16 -12 14 5 13 -6 16 8 10 17 -11
0 -9 14 8 -1 -6 -19 16 -12 15 9 6 11 2 0 1 15 -2 12 -15 -1 10 -2 8 0 -16 -20 5 -11 6 -20 15 19 -17 -18 14 14 -18 -9 12 18
-18 16 16 -4 4 -2 -15 10 11 7 -11 -4 -11 -15 -5 0 6 -17 7 8 -10 19 -18 -18 -2 16 17 -12 -14 -2 -6 15 -16 11 15 10 17 4 -16 -1 -15
-20 -20 -7 20 16 -6 20 -8 -2 10 6 -8 16 14 -15 -11 18 10 6 9 13 20 9 -13 0 -10 18 7 -17 -13 -12 2 -18 13 -19 2 3 -20 18 15 3
-11 14 -3 18 2 -18 -15 7 0 -10 0 20 -12 -3 18 18 -4 16 -17 13 2 4 -18 5 2 -1 19 20 -10 -4 12 -17 18 16 6 -17 1 17 2 17 6
15 -18 -13 13 17 -10 18 -14 6 -19 0 -1 -9 -16 -10 4 7 -18 15 3 2 -4 19 14 -4 18 18 15 6 -2 -20 12 -16 -9 -4 3 0 -9 -12 0 8
-20 -15 15 4 7 7 -16 6 6 19 16 -13 8 -6 -13 -11 20 9 -15 9 -8 7 14 -14 -18 -4 8 20 -2 -14 13 -4 12 -5 -15 3 13 -9 17 0 -19
19 20 -3 -10 -2 18 12 -13 14 -8 20 16 9 17 2 -18 -6 -14 -9 -1 -7 18 5 -17 -19 0 -15 -6 3 -17 1 16 9 17 9 -15 9 9 -13 16 -6
-2 5 -17 8 -10 -10 20 12 -7 -12 -15 -11 -13 20 18 -10 17 -5 0 -15 10 20 -15 -4 8 7 18 -16 -12 11 -13 12 -3 -8 -17 -13 -16 1 -11 -13 5
-11 10 14 9 -20 -7 0 2 -7 9 13 14 15 -10 -1 1 16 -6 -19 17 4 1 -11 8 10 -19 9 15 10 5 -2 -10 -5 -12 6 19 -18 -14 8 -8 4
0 4 15 3 3 14 -3 17 -15 -3 -7 20 -14 18 -4 -7 -9 13 -13 -6 11 1 -18 13 -19 5 -7 -11 0 -17 -10 5 -13 -9 -7 -16 3 -19 -2 5 13
6 -16 -16 -1 1 -17 17 16 5 20 -15 12 9 -19 -4 13 -3 10 -20 -9 -4 13 6 19 12 -5 -18 20 -6 -17 -12 -14 -12 -1 14 -6 8 12 -9 -4 -8
-12 -7 8 -11 8 -20 -6 -6 -9 13 -10 -14 5 2 -17 -6 19 12 16 -1 14 6 -18 12 -4 2 -10 11 15 -3 -4 8 4 -6 11 -9 9 16 6 5 16
7 18 0 5 -10 -10 3 2 11 -9 -18 -5 14 -4 -10 -9 -2 -11 14 12 -10 -14 2 7 -9 -4 2 -12 -18 -12 11 6 6 5 5 14 -14 -5 -15 1 -4
8 2 -14 8 -9 -3 5 13 4 7 8 16 15 -6 13 18 4 -16 -10 18 0 2 8 -5 10 18 11 -19 -2 -5 -15 -6 1 -6 8 -7 -7 6 -8 8 14