37 41
-20 6 7 10 -12 17 19 -19 -17 -1 9 16 3 -19 20 -12 -10 17 -5 16 9 -11 18 11 13 18 2 20 17 -5 15 -10 -6 19 -4 -8 -3 -12 8 14 -6
1 12 14 6 0 -12 5 18 -15 -20 16 -7 -8 16 9 13 -15 5 -10 14 3 13 13 -9 -19 -3 10 17 20 19 -18 13 10 -5 -7 -17 7 1 -19 16 -10
11 -6 -17 -5 16 -8 11 -19 -9 -5 17 -18 9 -11 -16 -1 19 18 -20 -19 18 16 0 -12 -15 18 4 -10 -20 14 -16 14 10 7 -6 2 16 0 -5 -7 -1
17 4 -13 1 16 -20 7 -13 6 12 -4 -9 19 16 17 19 -20 14 -13 20 8 -2 4 -15 8 -13 18 0 10 9 -4 3 14 -8 4 13 11 -8 13 -7 11
0 -14 -19 16 -10 -12 8 6 19 2 17 -5 -2 -11 -6 3 -4 -17 -5 -19 -2 2 1 -20 15 3 -8 -9 -9 -13 -5 8 17 -20 18 13 -17 -16 5 15 13
19 -6 20 -2 17 4 -4 2 3 -16 -1 -16 -4 5 -15 -1 1 5 -11 -17 11 3 -5 17 -2 -11 -14 -3 -5 -1 -15 -7 5 -1 14 -2 7 20 7 9 10
-20 3 -18 0 2 -16 1 7 -13 -18 20 20 5 6 19 -8 1 -1 -4 2 -18 14 -11 -5 8 15 17 12 19 -6 -9 -1 -6 -2 6 1 -3 20 5 -6 -12
-1 0 12 8 -9 0 -11 -16 6 -8 -13 -15 -15 -10 0 18 4 -20 -6 -1 0 5 -1 16 -2 3 -7 0 11 8 -9 1 15 18 14 -12 15 -17 -10 6 -2
15 -18 -4 -4 -20 -8 -3 19 14 5 -3 -10 -9 4 7 -6 0 9 -20 -12 -4 -16 -5 20 17 1 0 -5 18 17 0 17 12 -2 -15 3 8 13 -14 -18 15
-14 1 1 -15 1 -17 -1 5 -8 19 13 16 -1 -12 14 2 1 -19 -1 2 9 -7 -16 8 20 -11 -17 -16 -19 20 -6 -7 15 4 19 19 -8 17 -6 15 15
0 -5 -19 -19 16 14 -7 -20 1 -10 20 20 -20 10 -19 17 8 19 -12 -5 0 -17 12 15 -8 -16 4 1 -8 -20 -13 4 10 0 -11 -6 14 7 -18 3 4
15 13 6 -15 -5 -5 10 14 -6 0 -15 -14 12 -20 -18 -19 6 17 -7 -13 -15 3 -1 -1 12 9 -14 -12 -1 -11 13 -11 -12 -6 10 10 18 -13 -5 -12 -19
9 0 -20 -16 20 -16 -1 20 -16 2 0 -12 7 -18 -19 13 -18 -7 -3 -14 11 2 1 18 -8 18 13 2 -19 13 -4 0 -13 20 10 6 -16 13 -2 7 20
10 -10 1 -4 9 10 -10 -2 16 9 9 14 9 -9 7 12 -3 -17 9 15 17 1 2 -19 17 4 2 -16 1 -9 -8 -15 -10 -10 3 -19 10 10 -1 -1 -1
-16 -17 19 5 -1 10 17 0 1 -14 -20 -16 -9 5 -7 -17 18 14 -20 -15 -6 -1 2 13 0 -2 -10 6 -5 4 -12 -13 -7 -9 -3 2 -18 17 18 -17 -7
-9 -5 -16 -11 -16 1 13 -2 18 -17 1 13 3 13 11 14 13 3 5 18 18 14 -16 -5 18 -16 14 -11 0 -11 -6 -3 -11 3 -5 -13 -17 15 -3 1 6
-11 12 13 6 -17 -9 -10 -20 8 -17 3 19 10 -12 17 16 -4 11 2 -14 8 -7 12 -9 17 -8 6 6 13 -1 1 7 -16 -7 5 10 20 -4 -12 18 -8
-5 12 -16 14 -4 7 11 -11 -17 -18 -11 -17 9 1 4 16 -2 -8 17 6 -14 5 -11 13 -3 -17 19 -3 7 -8 -1 -3 15 -5 0 -14 -6 14 -13 14 1
-20 19 -10 20 5 -14 -10 -3 10 -7 -19 9 0 14 7 -12 7 7 -14 20 7 -15 1 -1 -10 -8 16 -5 -11 2 -15 -8 17 -15 -7 -13 -18 -12 4 -4 -3
-19 10 13 3 -3 12 20 1 8 -13 -11 -10 -14 -5 8 10 19 17 3 4 0 -20 -10 14 -10 4 2 -20 -13 18 17 15 14 11 1 6 -13 6 -10 -20 -13
19 1 3 -1 -6 -7 -16 -10 7 18 -12 -5 13 20 12 -11 0 -13 12 4 -16 17 13 -2 1 13 7 -4 17 14 6 13 8 -10 -13 -6 -16 16 -12 -19 9
6 14 6 17 -14 12 5 0 14 -10 0 13 5 4 13 -15 -15 8 -15 20 -12 20 -20 -15 -13 16 15 5 -2 -20 6 8 6 -6 -1 -6 -13 16 9 -16 -17
-5 8 4 15 -20 -9 0 -6 9 -6 19 -13 17 -17 1 -3 18 -3 16 -2 2 13 -8 12 -2 -16 5 -20 -17 -2 -17 19 -12 -8 -9 11 14 4 9 10 -19
20 6 -13 12 14 10 -9 -2 14 -14 -2 2 -9 5 -17 20 -7 8 4 -20 0 8 20 -17 20 6 16 -11 -18 1 -10 18 8 -16 4 -8 -3 -12 -1 -9 -10
19 19 -6 -14 9 -5 -4 5 -6 -17 -14 18 -11 17 -5 1 -1 -6 16 0 -4 -13 -1 8 0 17 15 -14 -11 7 -4 -19 14 -4 3 -14 18 -6 -12 -12 -18
18 3 1 1 18 -9 -5 5 -7 18 -14 -19 -5 9 -19 3 -5 8 7 -8 -7 -15 -13 -16 8 -20 9 16 -20 -2 -3 20 -4 2 -12 -6 -2 10 14 1 16
-4 18 -9 -17 -18 -3 15 4 10 7 20 18 -20 -1 20 2 7 17 7 18 -19 11 12 1 -13 16 2 -20 16 -1 -11 -7 -18 -18 -3 -3 5 -7 -17 -4 -11
-10 -6 0 1 -20 -7 5 2 1 11 11 -8 7 19 -11 15 -10 17 6 -8 -8 -18 12 -3 13 -12 -10 12 -12 18 2 -20 8 -4 -11 18 4 11 19 13 -18
-1 8 14 -13 -13 17 -13 1 13 15 -20 15 2 6 -10 -6 5 -12 -5 -19 18 16 -14 -13 -12 -17 -4 -3 -8 -7 -6 -18 -12 15 -6 -13 19 2 -20 -13 6
-14 -1 -12 20 1 5 4 18 -4 -5 10 16 8 -8 3 -20 16 3 -14 2 -9 -2 -12 -8 6 -10 -10 -11 2 8 14 18 10 5 0 8 -16 -18 20 -17 -4
1 -14 18 6 -17 10 10 13 13 14 17 -15 -5 17 -8 2 -11 -10 -2 11 -1 7 10 -6 20 7 -1 8 -8 -15 -5 9 13 14 9 15 17 13 6 -6 20
-4 16 -11 -10 14 11 -16 -2 11 9 -19 15 15 -19 16 17 -10 -4 -16 8 -9 -1 -16 18 -11 -16 9 7 -2 1 -4 12 10 -6 13 -18 -4 14 0 -18 -16
-17 -9 10 3 -20 3 -19 5 -12 18 18 3 4 0 0 -18 0 14 -5 17 -20 -2 14 0 16 -6 11 -17 -7 10 -16 -12 9 0 7 -5 9 -1 -4 8 13
1 11 -7 5 11 -6 6 12 -16 -18 -3 -1 7 -19 10 -4 -20 -20 -5 3 -1 -4 4 -7 -5 -20 9 -6 -17 -19 3 11 1 8 10 17 -2 14 -2 -5 11
1 -2 16 -1 -2 -5 2 -12 15 12 6 6 -19 10 -16 -7 -2 -14 6 -6 -9 -19 -15 19 12 -7 -8 15 9 19 -17 15 8 -15 19 13 -1 9 -18 8 4
2 -3 1 20 5 4 5 -4 -14 6 -2 9 -14 -3 -9 19 13 8 -8 1 -11 -18 -13 1 -11 -17 20 18 2 0 -11 -14 -14 -11 6 9 18 1 -13 11 7
-11 9 12 20 -5 -19 12 -18 20 -2 6 -19 12 -7 -11 -3 9 10 18 4 -5 -19 6 -5 -2 12 -20 -10 -6 11 -15 14 10 8 1 -15 1 -1 -16 15 -12