37 41
-11 -15 11 5 -20 1 -12 -12 -6 6 -10 -3 -8 3 -5 -19 -16 -9 17 14 0 15 19 -4 -3 -7 -17 -2 13 8 7 3 5 14 16 -5 -20 20 -16 5 -6
-15 -16 8 14 13 18 -3 5 -10 20 -5 3 -4 2 0 12 -18 -10 8 -15 -14 -19 14 -12 -1 14 -1 -16 18 8 10 9 -7 8 -9 0 0 13 18 4 -13
-19 -7 -1 -20 -13 11 4 -12 8 11 -19 -16 7 -5 -15 -5 -6 3 3 14 -2 9 -13 -3 8 -6 -17 -11 19 -16 -10 1 -11 0 8 -5 9 20 10 19 -13
-13 8 13 3 13 17 -17 0 19 -18 18 -20 17 16 13 -3 -4 -2 9 -7 -8 6 9 4 13 -9 4 6 6 6 18 2 18 8 -5 -6 17 -11 -1 -4 18
-10 0 3 -13 18 -11 3 5 16 10 4 11 18 8 20 2 11 -10 -19 2 -13 12 5 -14 -7 13 -2 -11 8 -5 18 2 20 10 -6 9 4 -10 -9 -15 8
19 5 18 13 -19 -15 -14 -14 14 -2 -20 -15 3 8 11 11 -6 20 13 3 -11 -1 -13 -15 9 17 -3 -18 -7 -17 3 14 -20 -12 1 5 -13 1 -1 -4 13
9 -6 2 4 -9 -5 -17 -12 5 -10 20 -7 18 4 -15 13 5 7 -1 -12 -15 20 -19 12 13 -13 -12 0 -2 7 -18 -4 6 -10 -14 -3 -10 10 11 -17 9
5 15 17 -20 19 4 19 -13 -10 5 -3 8 6 4 3 -9 6 -9 8 13 13 4 2 -20 18 0 -2 1 13 -9 -1 -3 -14 14 17 11 2 6 -17 -18 3
-1 8 -3 8 -13 6 4 -14 -11 13 15 -15 -8 -1 4 -19 -6 13 -6 2 11 -1 17 -14 5 -19 -20 5 -10 17 -15 2 16 -12 -12 -19 20 20 16 0 -9
-4 14 10 3 14 4 -8 19 15 18 0 -14 17 -18 20 13 -11 5 -5 6 -17 4 20 8 2 -15 -8 0 -16 19 -17 -18 2 -9 -3 5 -16 -19 -7 4 11
20 -19 -5 10 19 2 4 17 -5 6 20 -18 -16 -14 -19 -5 10 -4 -3 -20 19 -13 -19 -9 15 12 -15 19 -16 10 -1 10 2 -18 -1 -10 19 -20 -19 -17 8
3 -17 -5 14 11 12 -8 -18 -7 -9 9 -17 1 12 20 15 -12 -5 8 -11 -19 18 -15 -9 8 11 19 9 12 11 1 -15 20 17 15 7 7 6 -13 -19 -7
-19 -3 7 12 16 -2 17 -10 -13 -3 6 -20 -9 -9 16 17 -12 14 -16 15 -1 -7 -6 -2 14 11 18 -17 2 9 -9 17 -19 20 -15 11 -16 -17 -15 -1 20
6 -2 -3 -19 -3 8 7 -1 17 -3 18 -7 6 6 12 14 18 -15 14 13 -11 -13 -9 1 -2 11 10 11 14 3 -7 11 -10 5 -9 4 10 7 4 9 1
-13 -17 20 0 -1 -16 5 9 4 9 10 -8 5 8 -10 -1 3 -19 19 20 14 8 -19 -15 5 18 4 -11 -9 2 12 -5 -17 -12 20 -12 0 14 -14 4 11
13 14 -20 11 2 0 0 -7 19 11 -12 -6 -18 -5 8 -7 -14 4 -4 -14 0 2 2 1 15 -9 -8 18 14 10 -16 19 13 10 -13 -20 19 5 -19 1 8
-1 -12 18 -6 -17 17 8 3 -4 20 -17 -3 -4 17 11 -9 -11 10 -17 16 -7 4 8 -17 -16 -18 0 6 -18 -11 12 -14 -4 -11 11 -10 -13 -3 1 9 0
-9 17 15 -6 -16 -11 3 17 -16 -2 19 9 -5 19 2 -10 7 -19 10 -10 5 -10 6 18 -17 -14 8 -7 -14 -5 -3 1 -7 1 16 5 8 -16 3 0 -17
-11 7 18 20 -10 -14 -9 -5 4 -9 -5 5 -2 16 2 8 -6 -6 -8 -2 -18 5 -3 -17 -16 -17 17 7 16 8 1 5 13 -12 8 3 11 -12 -12 5 3
1 17 12 1 -4 8 5 -18 4 -3 17 5 -12 -1 -5 -3 12 0 19 -7 16 19 20 -7 11 6 4 -15 11 -14 1 12 7 -3 10 -19 7 14 14 -15 20
-6 6 -10 -8 -16 -18 9 -6 14 -17 13 -8 19 2 6 -8 17 12 -15 16 4 11 -17 -15 3 -14 11 14 -14 -20 14 -4 19 -1 -2 -3 -17 16 -4 8 -2
7 4 20 -15 12 7 6 -6 -12 16 3 -9 -6 5 15 15 1 3 7 11 0 11 -9 -10 -16 2 3 1 13 7 8 -16 -12 1 -13 -3 10 1 15 -11 13
3 -4 9 -5 -5 3 8 -17 -3 -11 -18 -9 -20 -11 -12 -19 -1 -9 -5 16 7 3 -19 -2 -1 -11 12 6 -15 11 6 0 -12 -3 11 -10 -10 -20 11 6 3
5 15 -5 14 -7 -8 -2 12 -6 -17 1 -15 -3 7 -16 -7 20 11 -14 18 -20 12 16 5 0 -18 -5 -6 -13 14 2 14 3 3 -14 19 3 -10 -3 16 17
12 3 -1 -15 -1 8 -1 -6 -10 -5 14 14 11 -1 -16 -4 8 -7 -14 -13 8 -1 18 2 4 19 -16 15 2 19 -3 -6 18 17 -17 -11 16 -14 6 1 -17
4 9 -5 -8 -8 5 9 -16 6 3 18 -2 20 -13 -9 -8 -16 5 2 4 9 -12 -13 -7 10 11 -16 4 -13 13 -3 9 -17 -20 6 10 -12 1 -8 8 5
-6 7 0 -7 -17 2 -13 -6 12 18 19 -5 10 -16 -15 8 -16 5 -16 -10 -2 -3 7 12 15 2 -9 -7 13 -19 0 -2 5 4 0 15 1 -9 -17 -11 -19
20 7 5 -9 -10 -13 11 -4 -19 -8 18 17 17 -4 -5 -18 -9 -16 -5 8 -10 -2 -8 19 14 -13 -11 -7 -6 -17 6 5 -6 -2 7 -14 -4 -10 7 18 -9
-15 -12 7 -15 -13 7 -6 13 -14 -7 13 15 3 6 2 -19 0 12 -5 5 -19 -1 -14 18 -15 -13 -16 5 17 9 -20 -13 -14 -10 11 15 -5 -5 -20 11 17
-11 17 -18 2 18 1 -9 13 6 2 12 -3 -14 -1 10 14 -20 -13 -2 17 -11 -3 1 19 -9 -7 9 -5 2 -11 12 -7 0 15 4 -8 12 8 2 -9 11
-10 -13 -3 4 -11 -9 4 -4 -20 -5 9 -4 -10 19 1 4 14 0 -6 -5 9 1 9 4 19 7 8 -19 18 -16 20 -19 -7 -1 -14 -18 6 -17 19 13 1
3 -15 3 11 2 -7 3 2 13 14 -4 -16 5 -8 19 4 10 20 -18 -1 0 6 -20 3 3 14 -6 2 -20 -4 -15 1 -4 -6 -4 -13 13 11 10 -1 -2
-7 3 -1 5 15 15 15 9 -1 -18 -16 11 -10 -10 1 -14 7 0 -3 -9 -8 15 15 -7 -16 -19 14 -18 -5 4 13 17 4 13 -20 -9 5 -10 -10 3 -9
20 -18 7 7 7 -13 -13 9 13 -18 13 17 -19 0 5 4 12 3 -4 -7 6 -9 -13 18 -18 13 7 -20 17 2 12 -20 -11 -1 13 20 -4 5 11 2 12
-4 -14 5 2 20 18 -14 -18 3 -15 -1 6 -19 2 1 -7 8 4 3 -9 9 -14 19 -19 11 5 -16 -5 -6 16 -15 -9 4 -16 -17 8 17 -2 17 -16 15
-1 15 -20 -17 -7 16 -5 12 2 -9 6 -16 19 13 -19 1 1 1 -16 -1 -17 16 -8 4 14 4 -12 5 9 -19 -11 -12 -16 4 -5 -13 16 16 -15 16 -5
14 -6 5 19 18 -11 2 7 20 -18 9 -11 -20 -19 4 7 16 -15 2 15 7 -14 -14 9 -14 6 -10 2 -18 20 -13 2 -17 -15 13 10 -7 2 -16 5 18