37 41
6 -13 2 8 1 10 -7 19 4 -9 -20 4 14 -16 -8 15 13 3 -5 7 6 9 -8 19 13 10 1 -5 20 -16 -10 12 -13 17 -19 -2 8 9 -8 1 1
-6 8 -18 -17 -6 14 9 -6 20 5 -10 -9 1 -3 2 14 5 15 -2 -14 9 -4 16 14 -13 19 13 13 4 -5 3 1 -9 -14 -8 -2 19 1 12 0 -2
-11 9 16 17 -6 14 19 11 8 15 16 -19 -5 -2 20 -11 -13 2 15 8 20 6 7 14 5 -8 -6 0 -3 9 -15 -6 -6 -9 14 17 -10 18 5 13 13
-4 1 -11 -16 13 17 7 -8 -7 -15 0 13 1 -9 -19 -5 -6 16 12 -14 11 14 -7 -19 -5 19 20 -10 10 7 18 9 -13 -7 -10 -8 12 15 12 -20 16
2 11 -17 -4 19 5 9 9 17 15 -6 -2 -1 -13 -13 -12 7 -15 -15 20 2 11 1 12 3 -10 -9 16 -13 1 -19 -2 5 -4 -2 19 -18 4 18 13 1
-9 -7 -12 10 -20 14 6 16 -14 9 14 -13 -7 -16 13 7 4 -9 -9 -9 -14 -19 3 1 -2 -1 -5 9 -3 9 -1 13 -19 13 -8 1 -5 6 0 3 -20
2 20 -17 6 -14 13 -13 14 13 -9 9 4 -5 5 2 -2 12 14 -19 -4 19 1 -7 -18 -8 9 0 2 0 -16 0 -10 18 20 -5 8 12 17 13 16 17
-1 -8 -18 -19 19 5 16 -3 13 -19 -5 -15 -14 16 12 8 8 1 -6 -9 -9 10 11 -10 7 13 3 15 2 7 4 20 -6 4 18 12 -16 -18 12 -5 -2
16 14 4 5 16 7 -18 -17 -2 -2 14 -20 -6 8 -3 10 -4 9 2 -1 0 -19 -20 -20 15 10 -5 15 -10 9 6 9 -19 -9 5 7 12 12 -1 -12 -13
-9 2 -4 -18 0 -14 -20 17 11 4 10 -17 9 8 -20 9 -9 5 3 3 -14 -19 7 8 12 -17 -19 8 19 0 19 1 4 8 12 15 -15 -15 13 5 -19
-11 7 -13 -4 17 -11 -4 14 -11 -12 11 9 -10 -16 19 20 18 -1 2 15 -20 -1 8 -9 -13 -16 12 -13 0 2 -4 5 20 -14 -4 -15 6 -14 -19 -18 -13
-7 6 12 3 2 -4 -11 18 -8 -10 9 -12 -20 13 18 -11 -14 16 16 6 16 -10 15 -12 -6 -12 7 1 -16 -3 16 -20 -4 -5 8 13 -5 -17 -1 -4 19
-10 8 7 -12 12 -5 -13 17 -8 17 20 19 4 17 5 18 0 13 17 -6 10 2 9 -2 -15 -8 -13 -7 -3 -14 -19 -18 8 2 -3 4 -5 -17 -8 8 13
-10 -1 20 -16 16 -5 -8 4 -18 -8 2 -20 -12 -8 -2 9 -8 15 -6 -18 -2 -19 6 -20 5 -4 1 -6 -8 6 -7 -14 1 -5 -8 10 11 14 7 -7 10
13 19 -14 -18 -1 -14 -14 -12 -6 -11 -19 17 -12 18 18 15 13 -12 17 6 -11 19 -19 17 0 -11 -10 -14 1 6 4 13 10 19 -8 -1 -2 0 17 -12 -5
19 2 -12 -3 19 12 15 6 0 -4 14 -2 -7 -1 -1 20 9 -14 -8 12 -11 8 -20 6 17 -8 19 0 15 -19 5 -9 18 5 7 6 14 -20 -18 9 6
-10 -15 -11 -13 -1 15 1 19 -20 16 -3 7 19 -17 -11 -18 0 -11 -3 -14 18 -13 1 -12 -13 -15 3 15 11 1 8 20 14 10 19 7 17 -7 -1 -7 -12
7 -13 -9 2 7 1 10 19 -6 12 18 -2 15 8 5 -12 16 -20 20 -3 -20 0 -18 15 7 5 -8 8 -19 14 13 9 0 2 14 3 -11 7 13 -6 -6
13 13 0 1 11 -9 -9 6 -16 0 19 -6 -19 3 4 -7 7 -20 0 -5 14 -18 10 -14 20 -17 -11 16 19 -8 4 -10 19 -17 11 5 -18 -13 -14 -6 8
-8 3 3 -6 -1 11 7 -8 -18 2 17 -16 -14 11 13 0 -14 -20 18 -9 9 10 0 18 20 -19 3 11 12 4 -16 -7 19 20 17 18 1 -4 -14 10 12
-17 -6 -17 -6 14 1 19 -4 13 18 18 -20 -6 -19 7 12 10 11 5 4 7 9 3 -6 10 -8 6 -3 -7 14 16 -19 -8 11 8 -20 20 14 11 -14 -18
-14 5 14 9 -4 -16 -3 1 12 0 10 8 -5 10 20 15 8 4 10 7 -12 11 -15 18 -1 -5 -10 12 -15 13 -7 -8 1 -8 7 -1 -19 -20 -18 14 -10
10 -18 2 1 14 -14 -15 19 -19 -2 6 19 2 -4 5 -4 -10 3 11 -1 -4 12 6 -6 18 20 20 -13 4 3 -3 15 10 -12 13 -9 -6 6 7 15 -1
-1 9 -14 -6 10 14 -2 -8 11 9 -16 -7 7 -16 17 -14 14 14 -9 -20 -7 14 -2 4 -5 15 0 11 -13 8 8 -4 -3 2 5 12 17 -19 19 -3 1
19 -14 7 3 1 14 19 10 -20 -7 0 -4 15 0 -15 3 -14 -17 16 9 -13 19 -13 13 5 7 -5 12 -9 16 -10 11 17 -19 13 1 19 -7 -15 -18 11
10 -9 -10 16 15 9 -20 -11 14 13 -17 -18 19 -7 5 13 19 8 14 14 7 -12 -5 16 -19 16 16 -1 13 20 4 -19 -1 0 7 -5 -20 -7 -16 -8 2
-7 -15 -7 4 18 13 -3 5 -4 -17 12 2 -14 19 -4 20 13 -13 -18 -18 7 -18 -8 -7 -12 -16 10 7 5 6 -6 -16 18 -3 1 -9 1 -20 -1 10 6
17 3 9 7 -19 -8 -14 -10 15 6 16 6 -5 1 8 -12 6 -8 8 -16 -13 0 -10 1 20 -20 -13 10 17 -13 8 -4 -17 -13 -17 11 -11 -7 -5 -10 -20
-5 3 2 -1 -10 -17 19 1 14 -17 4 -12 11 17 -11 -10 -5 9 -14 10 14 15 -16 8 20 -19 11 -7 -11 -12 -20 9 18 20 12 -11 9 -16 13 1 7
-12 15 -7 -11 5 1 -2 7 -5 -5 -7 19 -13 2 -8 15 15 -9 -18 -3 -13 3 8 5 2 -11 -11 -3 -14 8 -9 1 -2 16 -13 -15 -11 11 -3 17 11
-10 7 14 5 20 -4 7 5 7 4 -8 -14 12 3 -17 7 -11 -20 2 -18 2 0 -11 17 12 19 15 0 18 7 5 -2 13 -16 15 -7 -1 10 -20 15 -1
12 -14 3 -5 -10 -6 1 -16 -7 10 13 4 8 4 20 20 13 2 10 -13 -1 13 4 18 9 -2 10 5 19 0 -12 8 12 3 10 8 -9 15 -9 -3 -11
-18 -17 7 -18 0 6 1 -3 17 0 -4 -5 -9 17 -15 7 18 -6 -12 -19 9 1 -11 -19 4 -10 -14 -17 15 14 17 1 -16 18 12 -1 -1 -10 7 11 16
2 19 -13 6 18 19 -20 -18 13 -4 8 9 4 16 -14 -16 0 0 -14 11 -1 4 -18 4 -5 20 -13 4 -13 -16 -11 -17 20 -17 -16 7 16 3 -19 0 14
-11 -1 7 -8 -6 17 1 -19 3 12 -19 5 -4 -7 15 -17 -15 -11 9 -8 -14 -20 8 10 12 18 11 -5 9 5 7 9 4 20 -14 10 -2 12 5 16 -15
-16 -16 2 4 4 3 10 -4 8 4 3 19 2 -1 2 10 3 -4 8 -6 10 17 3 -2 9 -18 -15 -8 -9 13 1 -11 -4 -1 16 -17 -18 16 -13 -6 9
7 -10 -13 -12 -2 14 -9 10 -16 13 18 7 2 19 -13 9 -9 20 6 -3 -3 -6 -17 -10 10 11 -3 2 17 -3 0 -16 -3 -18 -13 -11 -18 -7 3 12 -2