37 41
-8 13 -2 -17 4 -17 19 8 0 4 -17 -5 -3 -2 0 1 11 -8 3 -19 -18 -18 -3 17 7 -4 -20 9 17 -6 -5 -20 -13 -10 -8 8 13 4 19 -7 -3
-13 -4 -3 13 6 14 5 19 15 -3 -2 -14 -15 -19 3 7 13 10 12 10 20 -17 4 -17 13 -19 -15 -7 -16 -5 -9 -15 -17 -7 -4 19 7 0 7 6 -19
11 -9 13 20 9 3 2 7 17 -7 -14 0 15 1 -15 -1 -11 8 -4 9 -17 -6 -15 12 -12 -15 1 4 -19 -5 -12 14 10 -13 0 1 18 -6 5 0 -3
-8 -8 1 -3 -6 12 13 4 -4 -8 5 -15 -13 -7 -13 -8 -15 1 -4 13 -19 3 16 6 -8 -13 18 -1 -4 -3 -1 12 18 12 18 19 0 8 7 19 -19
-16 8 5 -18 -13 9 5 -12 17 -20 -5 -6 -3 -6 -10 11 -7 -20 -15 5 5 -12 -12 6 -1 -1 -11 -6 -2 -2 -11 10 20 -20 -1 -20 -20 17 10 -18 -3
7 -2 -16 -14 -9 -12 -7 -2 -20 12 15 -14 -1 -4 -16 15 -20 -18 -6 0 15 5 -3 -19 -7 -10 1 17 -2 -13 17 11 -16 -7 12 -14 18 19 2 -13 7
15 -2 -4 -19 6 17 14 -13 10 -15 -4 4 17 11 2 8 -11 -18 -10 8 -7 12 -6 5 9 5 -8 -9 4 20 -5 2 -20 -5 -11 -3 -8 -17 17 4 -16
1 6 -18 14 6 -7 -20 -11 -9 -18 14 20 -12 0 4 -2 -1 4 -18 -11 -5 -7 2 15 -19 9 12 -9 -20 -9 -2 20 -7 -4 15 14 7 18 1 -14 -8
-12 -12 -2 -17 -19 2 -6 2 -3 13 -10 1 10 14 -12 -12 19 3 3 -11 19 12 -5 -7 -15 -12 3 8 18 -5 3 10 3 -3 -5 15 5 18 -20 14 16
7 16 3 -18 19 12 18 17 8 17 -13 10 9 6 0 2 5 12 -7 8 11 16 19 -18 0 19 -9 -20 -17 -17 20 -8 -2 10 10 -4 -15 -15 2 -8 1
6 -14 -12 -14 5 10 6 -6 5 -15 -17 -20 16 -8 5 4 -20 0 6 -11 -4 -16 5 8 -19 10 20 1 -10 -1 -4 5 8 -12 16 12 4 0 17 -5 3
-8 15 -7 -4 19 0 -7 9 4 -14 -20 -5 12 -4 6 -18 18 8 12 9 -13 2 -10 11 -3 -5 -18 -19 5 11 8 -12 -11 -10 -4 -15 11 -8 10 -7 -19
18 -10 2 16 -20 3 1 -13 14 20 -18 2 20 12 18 7 -16 -15 16 20 -15 -12 -17 8 12 -8 -1 -8 0 5 9 15 -3 -13 -15 5 -6 -12 17 18 -17
5 -18 17 19 13 12 -12 9 -20 0 5 2 -17 -6 -10 18 17 -14 -6 -12 -9 -1 -4 15 10 9 -16 19 15 0 -2 -6 -9 -3 -15 -8 6 -16 -3 17 7
-2 6 11 -20 10 -1 3 -14 18 -4 8 0 2 0 -15 6 17 8 13 -17 8 4 6 -4 -7 16 17 -2 -4 -7 20 -18 16 5 -18 17 11 1 14 1 8
15 -5 -11 18 -9 16 20 -14 -7 5 19 -1 -18 -3 15 -14 -16 -16 11 8 -6 -10 -8 8 2 16 -13 -9 9 10 20 1 -16 -14 13 -19 -13 -4 -2 -13 -19
-5 8 -5 5 6 -5 18 2 -16 -17 11 18 -12 17 14 4 -10 -4 2 -4 0 2 10 -7 -15 -16 -11 -14 -1 19 16 4 -5 10 20 -14 -17 -15 -16 -20 -8
-6 -10 -15 0 0 13 9 16 -19 -14 -9 17 -2 -11 5 1 -15 20 -14 11 11 12 -15 13 -9 -17 18 12 16 -14 -13 -17 -19 -20 -1 14 19 -9 1 -18 -18
20 6 11 13 -5 -15 -1 -4 -9 -7 3 -16 1 -1 -18 -15 12 -6 11 -3 -12 3 11 -2 17 -2 -18 3 -6 18 16 -8 5 -9 -3 7 -12 17 4 8 1
-14 -6 1 4 3 -2 5 -17 -18 -10 -15 20 -13 -10 -6 19 20 -8 0 -20 13 10 -1 -8 -17 -11 2 10 -2 -4 20 3 -1 11 5 20 -10 -17 5 -2 -3
2 -1 -10 -9 9 -3 -3 -4 -18 6 -19 -14 -18 1 16 2 7 4 3 8 20 -13 16 -6 13 1 -2 10 13 7 -8 0 6 20 17 -8 -19 9 7 3 12
17 7 -1 8 5 -8 -7 -18 -6 -20 -19 -8 0 -7 -3 -2 -13 16 -7 -8 2 -12 18 -6 -20 9 3 19 -13 -7 -19 1 -10 5 10 4 -14 -14 -16 -20 -3
14 -19 -20 8 -7 -19 -7 16 5 -17 -20 11 7 10 -10 19 3 1 18 -19 10 -5 5 -2 13 3 -20 -16 2 -2 14 -19 13 2 -16 8 -18 -2 -6 1 -20
-6 -17 -15 -5 -7 -3 17 -13 6 20 1 18 3 -5 6 -18 -2 1 -2 -10 4 12 -6 7 0 -3 0 16 -10 16 0 -14 -2 9 4 -10 19 -15 4 8 -2
14 0 -19 7 -18 -12 -10 -20 -13 9 16 -2 4 6 12 -17 19 -18 20 -9 -1 -1 -15 -12 12 -10 -17 -19 -20 -17 -12 -20 -5 -2 -7 19 -19 5 -14 -19 -12
-10 8 -3 20 8 -20 14 5 -11 -1 -20 -20 11 -19 -14 18 -4 13 -12 10 18 6 4 -8 8 4 -6 -11 -1 -19 13 -20 0 -19 -8 2 12 -6 3 -11 15
4 -6 -6 -17 -19 11 11 12 -11 -14 -7 -4 -19 -5 16 9 16 2 -20 4 15 -2 11 8 3 -2 -11 -7 2 12 10 -14 17 -6 -12 -16 18 18 19 13 3
-5 -15 13 -11 17 11 -12 6 13 -5 0 12 -1 19 15 -1 8 9 -16 -6 -7 5 15 5 1 -2 -13 -10 17 8 13 -1 -14 -10 12 -20 -3 -2 2 -8 4
-2 17 0 10 13 -19 -17 19 20 -10 -18 5 -8 -18 0 19 13 -4 11 8 -2 -9 4 9 5 -14 6 -12 -3 -14 -16 17 -3 -18 10 20 -9 15 -7 -5 -4
-14 -4 16 -19 -1 -17 11 11 15 -17 -11 16 -18 -3 -8 -3 -6 0 9 -12 -5 -5 19 12 0 3 -13 -20 -13 1 10 20 -6 -20 -1 -17 -9 13 10 -2 -4
-1 -14 -16 -4 12 -1 13 1 -4 20 13 15 10 -16 10 5 -7 -1 9 16 -10 2 -11 -5 -7 9 -4 17 -5 8 5 -14 -19 -18 -13 -16 12 -16 -7 15 -14
4 -2 -17 16 -20 -16 -13 -7 -12 19 19 1 -13 15 7 16 18 -1 -7 -20 -8 6 -17 -16 1 -7 -8 6 19 -19 -8 0 17 12 -3 17 8 -1 -7 20 8
-19 -19 11 12 -3 -15 19 -9 -8 7 -6 -19 -9 16 -5 3 4 -3 9 1 -20 -19 4 9 -6 17 16 -9 -13 20 -2 17 8 17 -15 -6 -19 -14 -6 -18 4
-8 -9 14 -4 1 11 -18 9 6 18 3 -17 0 0 5 -13 -18 3 20 -1 -3 5 -15 -15 12 -14 -2 3 20 -1 -16 -8 -6 -7 2 -3 -2 -6 -18 -9 -6
3 -7 -20 -2 1 0 4 6 -6 16 3 10 5 7 19 7 -10 10 -1 15 -4 10 -9 -5 -19 5 13 -17 -14 -13 -8 7 -2 10 6 -13 -19 8 -8 -16 -3
17 18 -16 -16 20 -18 -18 -17 -19 -3 -18 -7 0 -15 20 -16 6 -2 -14 1 0 -9 11 -12 -16 14 2 -6 19 -16 -4 -11 -19 18 1 -4 17 -2 -8 -17 -17
-20 -13 12 -17 12 2 -11 -2 16 0 -2 -20 -20 -9 -5 -7 18 -19 -4 13 11 8 -12 11 12 -2 14 12 8 -3 6 16 17 12 -15 -18 -2 -4 15 -19 -8