37 41
2 5 -10 12 -17 11 8 -9 -8 -12 0 9 15 -1 8 4 -19 -16 1 17 0 -11 11 3 9 4 3 3 -18 -6 -6 -7 -18 -5 -12 3 -20 9 18 -3 9
-19 -10 -3 -16 -15 -20 -13 -4 -4 -15 -13 -6 12 -13 9 9 -1 -5 -15 1 -17 12 -19 20 6 -16 -2 4 -13 -4 -19 -18 -15 14 20 3 6 1 20 -15 -19
-4 8 -20 -11 -7 14 -8 7 -3 15 14 16 13 -19 3 14 -13 7 4 4 4 5 -2 11 5 6 2 -9 4 -19 4 3 -11 5 -10 5 -13 -16 -4 -16 -2
8 15 19 -20 1 11 1 14 -6 19 -7 0 -8 17 -17 12 -16 -10 -16 0 -4 17 -14 -7 -15 -9 9 8 -18 -14 -5 -15 -20 -17 -3 -18 3 -2 10 6 2
-5 13 8 -17 18 -8 -12 18 -3 0 -5 -6 10 20 -3 1 -1 15 -7 5 11 18 10 -5 -20 -5 -6 -20 14 -13 14 14 18 20 4 -5 10 2 -17 -6 -20
-5 2 20 9 -17 8 4 -6 -15 -2 19 -16 0 -16 5 5 16 9 -15 -14 4 -6 -14 1 8 17 -1 5 13 2 -3 10 18 -4 4 6 -11 3 17 -12 -6
-12 -14 -17 1 13 7 3 -5 -17 15 -7 19 5 19 12 -3 9 -15 -6 17 -12 -6 14 9 6 -17 1 18 -10 20 7 4 -10 -6 1 -15 2 -17 6 15 17
-18 -15 18 8 -18 2 -7 13 19 -8 2 -4 -16 -2 -13 12 -20 -1 15 19 20 17 -10 8 14 -20 10 -15 -13 7 -11 20 13 -17 20 3 12 -15 -13 -2 -14
-7 -12 5 -12 7 -5 8 -2 18 2 2 -18 4 6 10 -16 3 18 -7 15 -12 -14 -14 -11 -13 -18 6 -14 -19 -19 15 19 -9 7 -6 -17 12 -8 -2 -1 18
-5 -1 -4 -3 -1 10 -2 -15 -20 -10 11 13 -7 4 -5 -13 5 12 10 5 11 -12 -13 13 9 -6 -4 -12 -14 12 -2 -8 12 -19 -4 8 -19 11 -11 -5 -4
-1 3 -18 -10 -17 8 -11 6 -10 -5 -1 10 -8 11 -1 5 15 8 -20 3 -1 2 11 -13 -20 14 6 -1 -14 -4 11 16 -17 -11 -6 -9 0 5 13 17 16
15 -2 -7 -11 -13 5 7 -14 -20 -5 -20 1 -17 -3 8 11 10 -19 -11 16 13 -13 -1 -5 -16 -16 11 6 -2 -5 13 -5 -8 -16 -3 13 -17 -18 -16 16 8
-9 -1 -5 -4 -8 -13 14 14 16 -14 -10 1 8 10 11 -5 -7 -19 7 -3 15 8 -12 -17 13 -14 -20 9 -8 -16 9 1 -19 15 -4 -20 -17 -15 14 0 19
-3 -2 -19 -4 8 19 7 14 -1 12 15 -7 4 -4 20 -11 20 17 -2 -11 13 13 19 10 -6 17 -12 -10 -10 9 -10 -9 13 -9 2 -1 -20 15 9 8 13
-20 -1 4 -4 -18 -12 10 19 19 17 15 13 -6 -11 17 14 20 -7 -8 -14 19 -12 -12 -17 -18 17 -12 -12 10 4 -4 -9 -11 1 15 -5 2 10 -7 -3 -12
-18 17 4 -2 -12 -1 -7 6 10 11 -8 19 -13 -4 1 10 11 -18 1 8 17 13 -12 -2 -14 8 14 13 -7 20 5 4 16 -14 18 -10 12 3 18 -11 -2
13 -12 -19 19 11 -11 14 -13 13 2 -10 -19 3 13 2 10 18 15 1 -20 -17 13 -9 15 6 6 6 -17 2 1 16 14 -4 -5 8 -4 -18 9 2 -11 4
-13 9 -14 -7 0 -11 5 20 4 -4 3 -12 10 -6 -7 -20 16 5 -14 12 -2 19 -11 -1 13 -9 -11 16 20 8 8 15 -3 16 -10 -12 15 -17 20 -6 6
12 -9 11 -11 -19 19 7 8 3 -11 -20 14 -4 -15 17 6 16 19 18 16 -5 1 -20 -19 11 -8 -8 -11 9 18 -11 -5 -15 8 2 6 -17 15 7 -6 -18
5 19 11 -14 -10 -13 -7 -6 -17 -16 3 -13 -20 -6 10 17 -1 -18 15 -17 -1 -3 -17 -2 7 16 2 -18 -17 -12 -16 12 19 -12 -5 -14 -11 -8 -12 6 -14
-20 0 -8 -5 20 -11 1 -8 13 19 2 -16 -13 -5 -19 -11 -1 -11 19 -8 -9 -12 13 2 3 15 -5 -2 -18 6 2 -13 8 13 7 3 13 9 -12 -17 11
-8 -4 -14 -12 -14 1 20 10 -10 -15 0 20 8 12 -20 2 5 8 7 -8 -20 8 -18 -11 -15 -17 -14 -14 12 -14 0 -5 16 -8 10 7 -15 -10 0 11 -10
12 -16 4 -1 3 -20 -11 20 8 0 10 -17 13 -12 11 7 -8 -9 -9 16 18 11 4 7 15 5 6 -17 13 -7 15 -15 3 16 -12 0 11 8 -11 -18 19
19 -19 14 4 5 4 16 10 -18 -6 16 19 -17 2 -11 -10 -15 5 -16 14 -3 -5 2 -14 -14 -16 -3 11 12 3 -4 7 -11 10 -7 -6 12 4 16 0 -15
10 -12 5 18 3 -13 14 -2 -15 0 -20 2 11 8 -8 -13 1 20 3 17 -7 12 5 -1 10 11 -20 -19 -18 -8 2 -8 14 4 -10 -6 10 -7 -3 9 -8
10 -13 4 -11 -12 7 15 20 -8 -14 19 10 -9 17 -11 -14 -5 0 -5 -13 -5 -14 -9 -4 -11 1 -2 -19 -3 -14 3 14 4 -4 -15 8 -8 -8 14 -8 -10
12 -2 0 -13 -15 -14 -15 -18 -11 3 -13 18 -2 -10 -16 -18 20 -11 9 10 1 -11 14 11 13 20 -11 -4 8 3 -5 -13 -17 -5 -1 19 -20 -13 -14 5 18
7 -2 -18 -20 14 -10 -16 -2 -4 -15 -10 -17 -4 -17 6 -8 -4 9 18 -9 2 -11 0 3 9 11 -7 13 -5 6 18 -20 2 -3 15 12 10 -2 1 9 19
-9 15 18 -16 10 -9 19 -6 -11 15 1 -10 15 -20 0 -8 20 15 14 -13 5 5 -6 -3 17 2 -8 -4 2 13 0 -8 13 10 4 18 -18 -13 5 -12 5
17 -19 1 -4 -17 4 -16 17 15 -1 6 -18 14 -7 -7 -9 5 -12 -15 -16 -1 1 2 9 5 -18 -9 -2 -6 2 -7 20 17 18 1 -2 4 9 19 -7 18
-16 -10 -17 14 -10 1 17 -3 -7 18 13 -5 4 13 -7 -15 17 -7 -20 6 -5 18 10 -14 -5 14 17 8 7 -13 12 16 -1 10 15 -19 5 -3 -8 10 -8
10 12 14 -4 12 15 9 12 10 -8 10 17 5 15 -6 20 17 8 -12 18 -19 16 -7 14 2 19 -19 -6 2 6 10 -7 19 -20 18 -14 -16 -10 14 -1 16
6 -8 -13 -3 -4 -3 6 -19 -17 20 4 -17 -5 -3 -13 -14 -10 4 17 7 1 -11 -4 -4 -9 0 7 -15 -3 8 10 20 -15 -16 -20 17 2 16 -16 -2 18
-4 20 15 -18 19 -16 5 12 19 -16 -18 0 -6 1 9 13 -16 6 -8 3 0 7 -13 4 -1 -4 20 -6 -8 -16 1 13 10 11 -20 20 14 -4 -5 9 -6
8 13 8 2 9 -13 -11 16 8 -7 5 -3 8 -2 -1 -13 -1 5 -17 8 -12 -8 -8 -10 7 -10 5 -18 19 -14 17 9 5 -14 -18 16 7 -13 2 16 -1
15 20 1 -1 12 17 -1 7 -4 12 19 -14 2 14 3 -3 -19 12 20 2 10 15 -8 14 17 3 2 -1 7 16 12 20 -5 12 11 7 8 -12 -13 3 -17
20 4 4 8 5 17 16 18 -17 -4 -3 18 -17 18 -1 -14 8 13 -19 -19 -15 20 -15 7 13 15 7 -12 -13 -14 -7 13 -7 18 -3 3 -14 -11 7 -20 20