37 41
-14 14 1 -4 -6 7 1 4 13 -9 8 -11 15 -4 -4 15 0 -5 16 -9 -15 -2 16 10 -9 3 -1 -1 -5 12 -14 10 10 20 19 -4 -3 -18 -19 14 8
-11 1 12 -13 -9 15 7 5 -2 4 8 -16 2 -8 9 -8 -2 4 -12 0 9 -17 -1 13 -8 11 -4 -19 -14 4 2 -3 -6 -4 11 4 13 -10 19 3 9
3 12 -15 5 -7 -2 20 -3 0 11 2 16 -20 12 18 -18 -18 17 -16 -5 -7 0 10 7 -19 14 2 9 4 5 15 16 -16 -10 9 15 -10 15 -15 15 -15
-20 -9 16 -16 -2 4 11 -1 2 -13 -6 13 9 -7 -10 -15 -10 -18 20 0 7 20 3 -1 -6 14 14 10 1 -9 13 14 -7 -17 1 -11 -15 -19 -19 0 15
12 8 2 -12 -16 -18 12 -12 17 -4 10 -10 -19 -6 -16 -1 18 20 1 15 7 7 -9 0 15 8 -15 -4 2 8 16 -2 -10 6 7 -19 16 14 -8 4 13
-14 4 -2 11 -8 4 -10 -18 -12 13 -17 9 -14 2 -11 -9 -12 4 -11 -10 6 11 16 16 -18 20 2 12 -14 16 -10 15 3 12 19 12 7 17 14 3 12
-19 -10 -10 0 13 -13 2 4 16 17 -2 9 -9 -16 5 -2 -7 -4 8 15 -8 2 8 2 9 -12 -2 4 -8 4 -10 2 16 -19 -19 7 -17 12 -4 14 16
15 9 -4 -5 10 12 16 5 1 15 15 14 17 -16 -9 -8 5 -20 -9 -8 -11 -20 -6 16 -19 -17 -15 8 -8 -5 4 19 8 -10 -5 0 -13 -19 4 -19 -17
5 -12 -16 4 16 3 5 20 -3 -13 -20 15 -10 -13 1 18 4 6 -13 1 17 -8 -12 14 11 12 -3 -13 -5 -8 -15 17 -13 -16 10 -16 6 -8 -20 12 -13
-18 0 8 19 -10 18 -19 -5 -5 4 17 -10 4 20 -9 20 17 17 -1 -5 9 16 -5 1 12 -12 -15 -3 -6 3 14 18 -7 2 19 2 0 2 -15 -4 -15
-3 -2 -5 20 -11 11 7 4 -1 4 15 15 11 15 -3 -12 -12 -13 11 5 17 8 -11 -14 6 8 -16 8 -5 -8 19 6 17 15 19 -18 16 0 3 7 6
-15 -15 -8 15 -20 -17 18 -15 6 9 14 -18 -8 4 -13 15 -3 -5 12 15 -9 -6 17 -8 -15 1 3 -14 16 -4 13 -4 12 -4 9 13 -19 -20 9 -7 -5
15 19 -10 -1 4 16 -4 1 -19 9 13 -17 -17 1 15 -13 17 18 -12 16 15 0 -1 14 -15 13 -4 0 -8 -1 17 -17 11 8 17 7 7 -8 -14 0 0
-14 -12 4 -15 3 -19 16 4 7 10 -20 -18 -7 6 -14 2 -7 -5 17 -8 0 -13 17 -15 8 -20 -13 19 6 1 1 -15 0 -4 -18 2 -15 -17 -5 0 -6
19 20 19 20 4 13 6 -7 -18 -13 6 10 -15 -14 -4 20 -14 -18 16 11 18 -6 4 8 -16 13 7 -15 20 7 -16 -8 -10 0 8 -8 10 -4 -5 18 16
1 -5 3 -9 -10 11 4 15 8 -11 -17 4 2 14 0 0 2 12 7 2 1 6 -6 9 -1 -9 -16 10 -6 -10 -7 -7 17 -14 -9 -3 6 6 3 -11 2
18 0 10 -6 -9 5 10 11 -5 7 10 9 -17 -11 -17 -16 15 13 18 20 -7 -9 1 9 0 -18 6 0 7 -7 -14 19 -9 -14 13 9 -2 -14 5 6 0
11 -8 6 -1 7 -8 11 8 1 17 -4 -8 -6 -7 2 6 -11 11 -5 9 5 -13 15 10 20 -3 -18 -18 1 8 -16 15 -8 12 4 -3 -1 -7 -2 -16 5
-12 8 20 -4 15 14 14 17 8 -16 6 -3 -3 14 -10 -8 -18 13 -9 14 18 -1 7 3 5 -1 -15 -13 9 1 -9 7 6 -1 13 18 7 -1 2 20 0
-20 8 -2 10 19 12 -17 11 17 -1 -17 10 -19 -11 13 -3 6 5 -16 20 9 19 20 3 -10 -15 -4 16 13 -16 4 8 8 -4 13 12 -16 -18 0 -9 10
-15 -16 -16 -4 15 10 -11 -8 -5 -6 -17 -14 -3 1 -9 -16 -15 4 6 -14 11 -15 11 0 5 -16 1 2 -4 0 -18 7 13 18 -5 8 -19 17 2 15 -8
18 -4 -9 15 6 9 6 5 13 18 7 -5 -9 17 8 -4 15 -10 4 -12 1 -2 19 -17 -19 -20 4 13 -19 -1 -18 -9 19 -8 -3 -12 -5 19 10 7 -13
4 -2 10 -20 0 14 16 -15 -10 -18 -2 8 9 11 -18 15 2 3 16 -13 -1 13 15 -14 -18 12 -15 17 2 20 -19 -14 -6 14 -8 8 -3 -10 -5 1 -13
11 -20 16 -10 -19 5 18 -3 7 -14 0 -9 9 -7 10 11 20 -19 0 18 2 -12 -6 -13 3 7 1 4 -3 -4 -15 16 -6 -6 20 -14 16 8 -1 -7 -1
14 4 13 -17 -20 8 -15 -12 9 10 18 16 2 14 -7 -9 -19 -4 13 1 6 6 10 17 8 -1 3 16 18 11 -4 13 -4 -13 19 7 19 -4 4 0 14
-1 18 -4 -20 18 -17 -16 0 -18 17 18 -7 -1 5 -6 -5 -7 10 -4 -17 8 16 -9 -13 -2 18 -12 -2 11 -10 -9 -15 -9 -1 -2 -17 -20 2 -3 -12 -13
7 7 7 11 16 10 16 15 17 11 -17 17 -8 0 -4 -7 11 -20 4 8 -20 -15 -8 -2 -9 5 -12 -9 5 -10 -15 7 -2 0 2 1 -17 -11 -12 19 -14
11 7 0 -14 0 16 -12 -20 -19 16 -15 -3 -1 -6 -3 5 -9 -12 5 19 -1 8 10 -14 -1 17 -5 12 -20 -12 -20 -16 20 -4 -17 20 10 8 -19 4 -1
-10 -2 -9 3 -4 3 -15 -15 10 5 -12 -5 -4 15 7 -20 2 -4 14 -19 5 2 -14 -19 -8 6 -7 7 -6 -9 -2 15 -2 -1 15 11 -5 -20 -18 12 -5
8 -7 18 2 12 12 11 1 -2 20 -1 9 8 0 -16 -19 -18 8 18 -15 -15 18 -14 -7 -18 0 20 13 -9 13 15 20 12 17 -7 13 6 20 -8 15 13
18 7 -17 11 3 -3 -10 -3 7 10 10 12 18 -10 15 11 -14 9 -9 10 -2 -19 -2 1 -17 -12 18 8 6 -15 0 17 20 -16 3 13 -2 -3 -16 -13 7
14 -15 -2 12 10 18 10 -6 -1 -11 17 2 -17 -14 -2 -16 14 12 18 -16 -18 -4 0 3 -17 13 -18 13 -9 -10 7 16 4 20 -8 7 3 4 19 17 -12
-13 -7 10 -17 3 11 10 16 -6 0 11 -11 12 10 7 -12 -1 -9 -4 0 15 -4 5 9 4 -20 -15 2 -7 9 -11 19 13 -6 2 -12 0 4 -17 7 12
-6 14 11 3 5 9 20 12 15 13 -18 -20 14 -11 -6 -13 13 -12 9 -13 17 0 5 -17 15 12 -3 18 -13 20 -7 -7 -12 3 9 -9 16 1 -11 9 19
18 20 15 -18 -18 16 14 -18 -7 8 5 11 9 16 -11 -12 13 7 -5 -16 -7 -17 -19 10 13 -16 5 5 20 15 2 13 -8 2 17 -18 5 -6 17 4 -16
-18 8 -13 20 9 -12 -19 16 5 7 -4 15 -8 -5 -19 7 -3 3 -16 15 9 1 16 16 -12 -8 -17 3 -14 -18 0 -12 10 12 -13 -12 1 -18 8 -2 -3
1 3 -5 5 -17 -9 16 19 12 20 7 -3 -2 15 14 0 17 -15 -19 16 9 17 0 17 -3 -16 -3 -10 -16 -4 -16 20 -16 -16 4 -15 -8 18 9 13 -8