37 41
-8 -11 -14 -15 -2 -2 -9 10 15 -18 18 9 13 -15 -1 -5 12 13 9 -4 10 14 8 0 14 -10 -16 -19 18 14 18 19 -5 15 -16 -19 -2 -3 8 17 -2
18 -19 14 -5 -14 -18 18 -19 -9 9 17 -14 0 7 -16 9 20 0 -14 -11 11 -14 5 -15 9 4 9 17 -5 -3 0 -19 9 -15 -17 -14 -15 10 -12 -15 -18
9 -10 -15 -12 -16 13 4 -5 -14 -20 2 9 14 -11 10 -19 -9 14 -17 15 11 4 11 -6 1 11 16 11 -19 -15 8 -10 -15 -19 -3 -5 19 18 10 -11 -2
-8 5 19 -1 -15 10 -6 17 3 -5 -3 -1 -17 11 9 -14 -12 0 -6 -1 0 20 -10 -16 15 13 14 -2 10 -16 3 3 20 2 17 -3 -18 -10 -3 5 1
15 -1 -10 -10 -15 7 1 -15 19 7 2 -19 -13 13 -14 11 -9 -2 -15 17 4 7 18 -8 -10 4 -2 -7 -10 -12 -18 3 2 -2 -10 -11 -6 6 0 8 -10
17 4 -13 15 -18 -14 0 18 10 -4 -15 -18 16 -15 10 14 19 6 8 -13 9 -4 -6 13 -16 -6 -1 15 10 5 15 13 -5 9 1 -10 -11 14 0 -1 8
-19 19 11 -2 -15 -8 -3 -2 -6 -11 -8 0 8 -12 -16 -13 7 6 -3 15 -12 1 0 12 4 9 -9 -13 10 15 4 3 -1 -3 -17 -10 10 16 5 4 12
7 -5 -6 13 -4 19 17 -17 -10 -19 6 0 -16 19 -13 -1 -2 -20 -11 -20 -9 7 19 8 3 6 -19 17 -7 -5 2 9 -18 -2 -7 8 -8 18 10 12 19
14 5 -13 3 20 13 16 -10 17 14 -3 -10 5 -8 2 17 15 -13 -6 1 -5 20 -11 11 -12 10 -19 -15 17 -11 3 -16 12 20 -19 -18 -20 6 -18 3 6
-4 -10 -15 -4 6 -3 18 -5 -7 3 -16 -18 1 -15 -9 14 6 -20 17 7 -12 -1 -1 6 4 14 -16 -5 -4 10 -7 -1 -20 7 -1 -12 7 -1 16 -18 -12
-1 17 -1 -12 17 3 -9 -16 -12 -6 -3 15 9 -20 -14 13 -2 6 5 16 18 -5 -2 10 13 -19 -11 -15 -11 2 15 10 -13 1 0 9 16 14 12 -18 11
0 14 -2 4 -15 15 -10 -15 18 1 12 9 -7 7 -15 7 -10 7 7 -19 -1 -14 8 8 10 11 20 2 20 2 16 17 -16 20 -19 9 8 -19 4 13 1
-18 -1 18 4 16 16 5 -9 14 -5 17 -14 0 -15 10 -18 12 17 1 -6 14 -17 -2 -2 -14 12 -17 20 13 4 13 16 11 19 -18 -15 12 0 11 -10 -14
15 19 4 3 15 12 -6 5 -1 16 8 -4 7 19 -13 -2 -15 -1 -20 -8 7 1 -17 0 -5 6 -10 6 -18 -16 -6 13 15 7 15 -20 -5 -2 -2 3 -17
-7 -8 4 -3 -9 -2 -6 -9 -9 -13 12 -20 -2 6 -8 -15 15 6 -17 -2 4 18 -18 2 -1 20 -8 -18 -5 13 16 6 10 -20 -9 -2 -19 -15 -2 4 -7
10 10 13 19 16 -4 11 3 -13 -6 -13 5 -8 20 5 5 7 -13 -1 12 15 -5 9 -18 16 -15 -11 -12 9 10 -5 19 6 -6 -11 10 -19 -3 7 2 12
10 17 -7 10 13 1 -10 17 4 8 5 -7 15 -11 -1 4 5 -1 13 20 8 -5 18 2 -16 7 19 15 6 -13 -9 7 14 -2 10 11 0 -4 4 2 5
11 -17 -5 3 12 -2 19 17 -5 1 -8 3 14 -7 18 19 -14 1 8 -3 -5 -3 20 13 -18 -9 5 -11 -17 5 20 3 -18 -5 -18 -3 8 -13 -18 8 -11
8 0 9 -8 15 7 15 1 17 0 -18 5 -19 -15 9 16 -8 15 7 -9 15 -5 14 -19 -7 -5 -11 -16 -6 -6 -2 -5 3 -11 1 5 16 2 -3 10 -8
20 19 -8 3 -5 14 13 -11 -14 11 -4 -2 -9 -2 -1 10 9 17 1 -11 -17 -16 4 -3 -5 -2 -9 -11 12 -8 8 -8 6 8 19 4 -20 13 -1 -8 -8
15 2 12 6 11 -17 -1 -1 17 7 7 7 -14 3 4 18 13 -8 1 12 -16 19 -2 -6 -3 -7 9 9 -11 -13 0 -17 2 6 18 -4 17 -18 14 7 8
10 -7 4 -12 -13 -17 15 -15 13 -13 3 13 -6 -2 -9 -4 9 -1 9 16 -18 11 10 1 -14 20 5 -6 18 -1 -16 0 -19 11 2 -6 -18 -14 -9 15 -6
-11 -15 -3 3 -4 -1 -20 -20 10 4 7 -8 -5 10 5 8 -13 -16 -5 10 -14 6 -15 5 -18 -2 7 -19 18 -1 5 20 -2 11 8 4 15 -5 13 -10 -3
7 -1 -18 2 -8 -1 12 -17 3 8 14 12 9 -8 -13 13 4 -19 -12 20 16 18 -11 9 0 -4 -18 3 5 -1 -18 -6 -13 -20 -17 -14 0 -17 -1 -9 1
-15 19 12 18 -9 -12 1 -15 -20 -18 -12 -10 16 -5 20 -14 -10 2 2 11 7 -17 5 8 -11 -10 16 0 2 -5 7 -8 15 -13 5 0 -6 15 -10 5 1
11 -9 -20 7 -8 -16 -14 -18 11 6 -18 -4 9 -19 3 -9 -13 8 -15 20 2 18 -7 -10 16 -5 0 8 13 -12 10 4 -13 4 7 -20 7 0 -12 16 4
-4 -6 -12 -13 3 2 15 18 7 -16 -6 15 4 -1 9 -9 -7 7 -17 10 -9 -9 4 -13 3 -11 -8 -20 -18 2 15 20 -15 9 9 -9 3 6 6 16 -19
18 13 4 -9 -3 -15 6 18 -16 1 15 2 7 17 -11 -3 8 14 -12 -20 -10 12 14 5 -8 11 5 15 19 -13 5 13 1 -2 11 7 20 0 -15 -10 -9
20 13 -17 -18 3 16 12 -8 -15 -1 -16 6 -4 -15 -14 8 -7 -18 -9 -3 9 13 -5 18 -5 1 -20 8 8 -5 -20 -11 9 18 -8 18 -2 5 -16 14 -7
-16 -2 9 -20 13 11 14 -4 19 -2 20 14 -4 17 3 11 -16 -9 11 13 6 -6 -7 -13 -20 -6 8 9 -15 1 -8 -18 -15 10 11 -9 12 -11 5 -10 17
19 -16 19 -12 4 -7 -4 6 -7 8 -20 19 10 2 -16 -10 19 7 -10 16 16 -5 -15 -6 6 -18 -6 -18 -20 -13 10 -4 -16 -9 -16 -1 -8 -19 7 19 -4
-3 14 -11 -6 -9 19 19 4 17 9 -9 7 15 -1 8 12 18 0 -6 -10 -1 -11 6 11 9 -17 12 -20 15 -5 -17 4 -5 -1 -3 1 5 1 2 -2 -17
16 3 -1 10 -17 -12 -4 -11 -16 10 1 20 -9 12 -18 -13 -9 7 -14 2 -14 -8 2 -11 14 2 10 11 -3 0 -8 -14 -17 10 -7 -9 -6 6 1 11 -8
-13 -15 -16 2 -5 -20 19 -15 4 -8 -12 -6 1 -8 -18 -6 20 16 -9 1 -8 17 -20 14 10 -5 17 -15 15 16 4 4 -16 -3 4 -17 -19 9 16 -10 -12
-15 16 12 11 0 13 -10 11 0 15 -16 5 16 -8 -7 -16 -2 12 2 -3 -8 -14 -11 0 -19 16 20 0 -1 -8 13 8 4 16 9 -19 1 11 12 12 5
7 4 3 12 1 3 -18 14 19 -20 -16 -2 13 -11 20 -16 17 1 10 1 -10 19 -16 8 8 0 -16 11 2 3 8 -2 -17 3 13 5 5 -19 -8 -7 10
3 -10 -10 -12 17 3 14 -14 0 8 -7 -4 -15 4 -7 0 7 -10 -8 19 19 9 11 19 -11 -20 15 18 7 19 8 3 12 0 -9 7 3 -16 -1 13 -16