37 41
-8 -6 12 0 8 -2 7 4 -7 15 -4 -11 16 -2 6 -5 18 3 13 8 -20 -10 18 2 12 3 -17 6 9 -17 -19 13 -14 9 -1 20 -6 -15 11 -16 14
-16 3 -7 14 15 18 8 -9 16 4 9 7 17 -19 9 1 -20 6 -5 11 -20 9 8 -10 -17 -6 16 -18 -3 -15 15 -16 -4 -4 6 -7 -7 15 7 3 -9
16 5 -1 -15 -8 -15 -5 19 -1 -3 14 -16 -8 20 -6 11 1 5 14 14 -6 -13 -10 -1 12 -9 -19 5 20 7 9 11 -17 10 -12 -8 -17 5 -10 11 -20
7 -4 18 16 -9 -4 5 -13 4 13 20 -18 -16 -7 -14 -14 0 -11 17 -11 12 10 16 -14 -5 20 4 13 5 11 17 15 9 1 6 -12 7 -15 -7 17 13
13 4 -4 8 1 3 -18 0 8 18 -8 19 -17 20 -13 -2 -5 -15 17 19 9 -9 -15 1 -19 -15 19 13 -8 -19 6 -10 -5 5 -12 11 -12 -2 -4 -12 2
-20 -2 8 -11 8 -8 -8 -3 -8 3 -6 0 3 -4 5 11 8 17 -14 -5 -12 5 -17 3 -17 -2 -17 6 -2 19 -13 -4 -13 -6 -4 15 -11 17 11 11 9
19 11 0 2 -10 -8 8 0 13 -9 -6 -13 10 6 -10 -18 -5 12 -15 -14 -14 13 2 -14 -2 12 -12 7 6 13 -20 -12 17 -16 -5 20 14 -18 -8 8 -17
-13 -15 19 4 1 4 -17 -19 -12 4 -1 -9 -6 19 13 9 7 -12 -14 -13 14 20 -20 18 5 16 13 12 5 7 -18 -10 -17 -5 11 7 -6 14 -11 -17 -2
2 17 11 20 10 2 1 11 -7 17 0 8 -10 -15 15 13 -19 -14 -16 8 -2 17 2 2 15 19 -8 6 2 4 14 -9 -20 11 -12 9 14 3 -10 -2 -6
-8 -20 14 4 -20 10 -10 5 -9 -12 -20 12 17 -4 12 11 17 -8 -14 -4 -12 7 14 -15 7 -9 11 17 -2 5 11 -19 6 -11 -7 11 -7 7 7 1 16
1 -7 -8 3 17 -17 4 -11 0 2 17 -8 -8 -17 -9 14 -17 13 17 -3 -14 4 7 -15 -19 11 13 12 -2 16 2 -11 -17 3 1 7 9 18 -16 -11 -6
1 -6 -14 -13 -6 5 -12 2 2 18 1 8 -11 9 -19 -12 6 19 20 -6 4 -15 4 12 -7 -4 20 16 20 -17 13 -1 -2 -11 9 -15 -18 13 2 8 5
-2 3 -11 9 -1 -11 -11 6 -14 -17 2 16 3 -4 -11 9 -5 -6 9 17 -20 3 -20 0 18 5 3 -12 9 11 -19 -20 11 -7 14 15 6 -16 4 -15 -16
-1 -17 -14 2 -7 -13 9 18 3 -5 -2 15 -15 -11 -20 6 -6 4 -17 -3 19 -14 11 -6 -6 -8 17 10 -15 -13 18 15 19 11 -18 -3 19 -3 -13 15 -10
12 -9 6 -11 13 18 18 -17 11 1 -19 -3 2 12 -3 -6 -18 -18 2 3 13 5 -12 -6 15 -1 6 18 19 14 -14 15 -7 9 12 -14 -20 -9 20 12 -8
-7 -4 -6 -9 3 9 5 14 1 8 9 -12 -20 0 -1 -13 -18 -3 -1 18 -17 -17 10 1 4 9 14 12 -17 -17 -12 1 2 -20 -6 9 -13 11 2 -16 -17
5 18 6 9 3 -2 4 2 -15 -4 7 -3 11 -12 -20 4 -10 -19 -17 -16 -6 -12 19 17 17 4 -13 8 -4 20 -11 -8 9 0 9 -4 -7 8 -12 4 -10
-1 6 -16 -4 -5 -9 -10 -2 20 -12 -9 19 -18 16 -15 15 -14 -3 14 17 1 -8 5 -12 -10 16 -2 -8 -17 11 -16 13 2 0 -19 -8 14 17 -20 9 -4
15 19 18 6 7 -1 -13 -7 -19 -2 -9 -20 -7 -3 -5 15 -2 -12 -17 -15 -19 -1 4 11 18 13 -1 -15 12 16 1 16 -11 4 -11 10 12 9 2 12 19
-13 13 -11 19 3 5 3 -6 14 10 19 6 -9 -9 -4 2 -5 14 -16 1 -19 5 18 1 -6 -16 11 -8 11 2 -9 5 -2 15 11 -20 10 11 3 -14 -5
-1 7 8 15 -16 -9 9 9 6 -11 -17 -9 -6 3 -16 -10 16 0 -7 17 11 -2 1 3 2 2 15 -4 13 -2 20 -19 20 -6 2 -20 -18 -16 18 -8 -4
8 19 -9 -16 19 15 -18 9 -1 -11 18 -9 -17 -10 5 -8 5 8 -19 12 -17 -4 15 15 -3 -6 1 9 15 -19 9 7 -13 -19 6 -17 5 -6 16 7 12
5 13 15 -6 5 13 5 -19 3 -2 1 20 18 3 -15 -6 -1 7 -1 -11 -16 3 3 -6 -10 3 11 -18 8 -16 -8 -4 -18 19 -2 -14 1 -15 9 -8 -12
8 9 -18 -6 -4 8 -19 3 2 16 19 -6 6 -18 -5 0 -4 -17 0 5 -5 -16 -8 -17 -7 -16 -5 -16 -19 -20 -12 -13 14 14 19 -18 -1 7 -1 7 18
-16 -1 4 -16 4 0 -5 -10 -18 9 20 -14 -5 5 -14 20 -10 -9 0 5 -1 -20 -11 -8 6 10 -20 3 3 -19 -16 7 4 1 3 15 -8 -8 -17 -9 -14
-11 11 11 17 1 -12 -3 15 5 -13 2 5 6 -18 -8 -20 18 -18 -17 -10 -19 -1 10 -2 20 13 -19 -18 -2 -5 13 18 -17 12 -12 -11 7 2 14 14 -8
20 -12 -3 2 1 -4 8 -8 -16 15 19 -12 -8 -20 -20 4 0 9 -14 -11 -2 4 15 3 12 -17 10 -19 20 -14 1 -5 7 -15 -10 14 2 16 12 9 12
1 3 17 6 10 14 16 -17 6 -10 -12 -19 15 -16 -1 11 -1 -1 -6 8 -8 1 8 1 8 15 17 -9 -13 0 3 10 12 -8 -14 -17 11 -1 9 -17 11
12 -7 19 13 -11 8 8 -17 1 -11 -5 8 12 -15 -20 15 -16 5 2 -15 -1 19 -12 13 -14 8 -14 8 -17 20 -12 13 -2 20 10 18 -5 7 -12 12 -10
-2 -8 12 18 4 17 15 1 18 -6 -6 7 5 20 -7 -9 8 10 -13 -4 -17 -12 -5 14 -10 -19 15 12 -15 1 10 -17 13 17 -3 0 -16 -15 -4 11 -16
-15 20 20 17 1 17 -2 20 -10 4 3 12 2 17 3 -6 -18 14 6 -7 2 9 1 17 -17 17 -18 17 19 -14 9 18 3 15 12 -18 -7 -7 -11 -16 8
-9 11 14 14 15 -20 -10 5 8 -3 9 -12 -7 -10 19 17 -18 11 -12 4 -8 -9 16 -18 8 -20 -19 -5 19 0 -16 5 -20 -12 4 9 7 -10 -11 8 9
5 -9 17 -6 -4 -7 6 -15 -13 -13 16 6 17 8 4 20 13 -8 18 -4 -6 -20 15 13 -15 20 -12 7 -6 -12 2 16 -6 -17 -4 12 5 1 -14 17 0
-2 3 -6 -7 14 20 5 12 17 8 15 -16 4 -12 15 -7 -12 -10 5 -10 -20 -20 -12 -12 14 -6 -20 -19 12 -8 -3 6 -17 18 2 7 -11 3 -16 -4 8
-17 0 8 -8 -6 -10 5 -17 15 -14 15 10 3 7 -10 -7 -14 0 -6 15 15 18 -8 4 13 -2 -19 -7 7 -18 11 11 -13 9 -19 -9 19 11 15 14 -5
-10 12 17 15 3 -4 -10 15 -6 5 8 18 -9 -8 -12 1 -17 13 -11 18 -8 -4 12 -10 -3 -12 5 -7 -1 -19 -3 7 -8 -3 3 16 -11 12 -14 -19 2
-2 4 8 -17 5 -9 7 19 -6 -18 -10 -9 0 -17 -18 19 -17 -6 8 -17 -20 4 4 10 2 -18 10 -17 13 -1 -11 17 -1 -1 9 -18 -12 -16 5 -14 -11