37 41
-6 -3 12 -11 -9 -16 -2 -13 13 -17 18 15 -7 1 17 -12 -15 -10 -7 0 -9 -17 7 12 -12 -7 18 -3 10 1 19 4 -16 20 11 6 -13 -10 7 -12 16
2 -15 11 -4 -2 18 -8 1 -7 -4 8 6 -16 -13 -16 11 0 -18 15 19 0 -11 -16 -5 19 11 -15 13 9 -20 16 8 16 12 15 -8 7 16 7 9 -12
12 18 11 9 -7 -1 19 -16 15 8 -4 -14 -11 -16 12 10 -6 4 18 -8 -11 -17 -16 -15 8 -9 5 10 20 2 -20 6 -15 -11 -11 5 -20 3 -17 -19 -3
3 -1 9 15 -13 -14 11 14 -16 13 3 1 17 5 -8 -4 19 -13 13 11 16 11 -11 -9 -15 15 12 2 12 1 0 13 20 10 20 -16 10 15 -20 6 -17
-6 -5 4 11 -15 11 17 -16 7 2 -18 12 12 6 17 -7 16 -9 1 -7 15 19 15 -13 8 10 17 13 1 0 19 1 -4 -1 -4 -15 -17 -7 3 -12 -19
-19 4 -13 -6 -9 5 20 -2 0 -3 2 -2 -3 18 -19 -16 8 19 -8 16 9 14 -15 -7 8 -8 7 15 11 4 3 -14 17 -17 -11 -15 7 18 1 11 12
-18 18 8 8 -12 6 11 -14 -16 15 -18 -5 3 4 -7 15 9 -18 0 16 -19 14 8 -7 -17 -8 -4 -15 7 -8 -15 -4 10 -12 -14 0 -4 9 -15 0 18
7 12 12 15 13 10 -4 15 11 -4 0 20 -9 15 12 1 19 6 -10 4 4 -1 -2 20 -3 -17 -6 1 -12 17 -13 -16 -6 -9 -7 -14 -6 -19 -10 14 -13
-11 -9 9 -20 2 19 -13 -14 7 -20 17 -17 -17 -10 -15 10 -7 -10 2 0 -10 16 -6 2 0 -9 -9 -16 -10 -6 7 -15 5 -8 12 -10 6 -18 -5 9 -9
17 -9 -18 6 -6 4 9 -20 -18 12 -17 9 9 11 18 -16 8 -11 -19 0 2 -17 6 5 8 2 15 5 2 -16 12 -3 0 -4 7 11 -20 -19 19 -17 1
-12 18 -14 1 -2 -14 1 14 -5 11 17 -17 6 -10 19 -10 9 14 -16 -12 17 5 18 -12 -20 12 -19 -15 -4 12 13 -2 -15 18 -8 13 -7 9 10 12 -5
3 9 3 2 -16 12 -3 -9 -1 -7 4 2 -9 -14 7 -19 12 17 3 16 -11 -9 -7 -16 7 11 -13 -11 -9 1 -9 1 -8 13 7 -3 -14 1 -15 14 -13
1 -5 -5 3 -12 -16 -4 -8 -7 2 -16 3 -20 1 -8 18 15 -10 -8 -16 -17 13 -2 -19 20 3 -16 -2 -8 16 10 -6 -11 -17 14 9 -14 -19 8 -6 17
15 14 19 5 -17 12 17 -11 -6 -4 9 -14 -6 4 6 20 -5 9 -12 -13 -17 -4 19 12 11 5 -13 -13 1 -16 20 -3 9 8 -18 -14 10 11 3 -3 -20
-2 -2 0 18 -18 -13 -15 -12 9 -7 15 -17 15 -2 17 17 0 -8 16 16 8 12 4 19 6 3 -3 9 -7 14 -13 17 -20 -1 -12 7 -11 -20 5 -5 11
18 -2 -15 -4 -2 20 12 13 -10 -13 -10 -7 10 7 17 18 -17 7 19 9 13 -3 -15 -14 5 -12 -6 7 19 -20 3 -19 -18 4 2 20 2 13 2 3 -11
-13 -20 5 -6 3 9 -4 14 -2 10 -15 -20 -17 17 5 5 7 5 11 11 1 11 -4 -14 14 19 -3 -5 16 -18 19 7 -1 5 20 -4 -4 -8 -10 -10 -4
-6 2 11 -16 18 11 -3 -8 19 -4 -4 17 -5 16 11 -15 -16 -17 6 -5 5 10 -17 -4 9 -5 -19 -10 -1 3 5 3 -8 11 20 -19 20 -7 14 5 -9
-2 6 -16 -15 -11 -3 -16 -20 -13 7 -20 15 19 -4 -16 17 -2 -15 -13 -8 -10 6 15 -6 16 -5 -3 6 17 13 0 16 12 5 11 -14 4 -16 17 2 0
1 13 -2 3 -8 15 6 18 -11 5 9 -20 14 12 -7 5 -17 13 -18 7 -19 11 10 5 -20 -1 5 7 -2 2 -19 10 -7 17 -20 10 -5 -4 -16 0 -5
19 -19 7 -1 -16 8 13 -11 2 -1 8 9 -1 -1 17 -4 16 -1 -8 -9 14 -18 13 3 -14 -16 -6 4 4 -8 -4 19 4 -18 3 13 -4 -13 3 -19 1
-17 2 17 -7 -19 -11 8 -12 7 -7 -5 -9 -14 -1 19 -12 -2 -19 8 0 11 -19 -7 -3 12 -5 4 15 2 -10 19 19 -20 -9 -8 4 3 -3 -4 10 -4
-20 17 15 8 15 19 13 12 -15 -9 -19 4 -10 -13 -16 1 11 13 -1 -10 -10 8 3 11 -10 -20 -19 -14 -20 -1 -7 12 14 16 12 0 13 3 -11 -11 0
-19 -3 -8 -17 20 12 -3 7 -1 -12 1 1 18 -13 -1 9 -19 -7 -15 12 -1 7 18 5 -14 2 14 -6 12 -2 5 5 -1 1 -7 8 11 3 5 -17 4
-20 -16 -18 20 -2 -8 -6 10 -1 4 -7 3 -11 1 11 3 15 6 -14 4 5 -14 1 7 15 17 19 6 16 7 -3 10 18 -12 -3 4 6 -6 13 8 -13
-16 -10 -4 18 17 5 12 -20 -10 -16 3 -3 18 -17 2 -9 15 16 -3 -9 7 -11 -5 10 5 5 -6 -10 13 8 18 -4 -19 8 8 17 4 4 18 -6 6
-10 19 -20 -16 12 10 19 3 7 15 -7 -17 -4 15 -16 3 17 -12 18 -6 9 -10 -1 20 -17 -14 -15 15 13 -13 15 20 9 2 -20 4 10 12 6 -2 0
13 4 -13 -2 19 -17 -10 13 5 -16 19 -7 13 14 -10 15 5 11 -12 -17 10 -9 17 -7 -19 -12 11 -11 14 -19 -7 -3 1 -17 5 -14 11 13 7 0 -20
15 12 12 -20 -15 2 9 0 -3 7 14 18 0 -17 9 -10 10 0 18 -6 2 2 14 -2 8 -8 -2 -19 8 1 11 -19 13 -10 6 6 19 -19 19 7 -14
-2 -7 -3 -9 -5 17 -10 -10 -19 9 5 -14 0 20 -6 8 -3 -5 -6 -12 -15 -11 -8 -13 -17 4 -6 6 -20 11 -2 18 -15 11 -11 -19 -3 6 -1 9 -6
-8 17 1 -14 1 11 -5 -13 -4 -15 -2 4 15 16 5 -17 -20 17 -3 -3 -17 7 18 -2 10 -4 -10 9 -9 17 -20 19 -19 12 -7 -1 18 -12 2 -14 2
8 -3 -16 -6 -13 -8 -7 -1 0 14 4 6 -9 -18 1 -6 14 -3 -4 16 -20 -16 -7 10 12 19 1 -18 -10 -14 -17 18 4 20 9 16 -18 -6 -2 -1 8
3 -12 4 1 3 -19 18 5 11 1 -2 -8 16 -5 -5 1 8 -3 -3 13 14 12 20 2 8 -8 -10 19 3 -1 4 9 -2 2 -4 -20 -10 19 3 -17 -7
-15 -7 6 -8 -9 3 -5 -15 -18 20 2 19 18 7 -7 6 19 2 2 19 15 12 -2 15 -1 13 -14 10 8 7 -13 4 18 -1 -18 -3 5 -1 17 -18 -16
-8 -20 6 -19 -4 20 -11 3 -1 17 -9 -2 -3 -13 1 14 -8 -13 16 -2 3 -4 8 4 -10 18 17 18 5 19 -6 -10 10 -5 9 5 -13 -12 -12 -20 -17
-14 12 9 20 13 -13 -8 -9 -4 -6 -3 17 -17 13 8 11 8 -20 -3 11 5 8 -18 -5 17 -20 15 -3 11 -15 -8 -10 -5 -10 3 -9 -17 -15 17 -17 -10
-20 7 -18 17 3 19 2 -1 0 -14 16 0 2 -2 11 18 -10 11 -15 1 -15 -10 18 -4 15 14 5 15 18 6 -7 -20 -1 16 -19 -3 2 -13 13 8 20