37 41
8 1 -8 -3 -7 3 -1 16 -12 -9 -11 13 7 -1 -18 17 4 5 6 4 1 0 2 15 -17 -12 10 -9 -2 13 -12 -1 2 3 -14 20 -11 -8 0 -1 18
-7 1 -11 16 -4 -3 -1 -19 -2 12 -10 -12 4 7 6 7 17 13 -19 -12 -4 -14 -13 -6 4 4 -10 -19 0 20 1 -6 -2 10 0 -2 4 -6 0 -13 12
5 -8 7 6 9 9 -18 5 -10 -19 15 -16 -10 5 -8 -16 -19 5 9 -3 13 17 4 1 20 7 -10 12 -11 5 -3 -3 -7 -9 15 -10 -4 19 -3 -12 11
-20 -7 -6 -10 -4 -15 19 11 -2 -6 6 18 16 17 0 -5 -13 15 14 -5 -7 -17 -13 9 -3 17 -8 18 0 4 -18 0 8 16 17 1 -2 7 5 6 -12
-19 -19 -1 -5 -20 -2 11 3 -5 7 14 13 2 -1 -12 -7 2 -12 11 6 16 -14 -10 8 9 18 16 -18 -2 19 -12 -15 -16 19 19 16 14 -10 12 13 20
-18 6 -8 -17 -17 17 16 -11 9 -1 -7 16 7 8 8 15 15 15 -7 -8 -5 8 2 20 19 -16 -15 -18 4 12 -2 -3 13 14 18 -4 -4 -2 -13 20 4
14 20 3 -5 -8 -10 2 -2 -11 -16 -5 -1 -17 20 16 -10 -1 -20 20 -12 -15 8 -16 -1 16 -18 -7 -3 19 -10 -5 -9 -2 -11 -8 -17 -6 -16 -8 16 11
5 5 -10 15 -14 -8 -13 -16 3 7 -9 12 6 -9 13 15 -18 -10 18 4 17 1 9 5 13 2 20 1 -19 4 -18 -20 -18 9 5 14 -17 -16 -20 -16 17
3 -10 -8 -2 20 14 -17 -7 7 -7 -3 -18 -16 -19 16 3 17 -13 -14 -12 -9 5 1 -9 2 -13 -13 9 18 -10 -11 2 13 -4 3 1 8 -14 8 17 -9
5 20 -16 -17 9 -5 17 -19 10 20 5 -20 -17 6 4 1 -1 3 10 -1 10 -13 3 16 -5 14 -13 -20 -7 9 -13 10 -14 -11 17 -10 19 -15 -9 -6 -9
0 -11 -12 8 -9 -8 -12 -9 0 -14 14 10 7 14 -19 18 -19 -3 16 5 -8 -1 16 4 -10 7 6 7 -10 10 -3 7 -3 -3 10 -2 11 7 9 -9 13
13 -13 14 20 4 -13 16 -6 -9 -18 -19 7 -4 8 19 4 -10 -17 -16 -4 -20 7 -2 -4 -2 14 -4 10 3 5 -4 20 4 -5 -8 0 15 15 -4 -9 -16
8 7 -19 7 -11 -3 7 13 -13 15 -12 -4 -19 -13 18 -5 -17 -1 -14 19 11 3 -2 -16 -13 -19 7 3 -3 19 -20 -6 13 -5 -3 7 -10 19 7 -20 15
17 -20 16 -9 -20 4 -9 -9 14 10 -18 -10 -9 0 -1 -2 12 11 -13 -11 16 15 19 -16 16 14 7 11 5 19 20 -16 -9 -15 -13 1 8 0 17 2 15
-19 17 -14 18 -16 20 -1 18 14 20 -17 -4 -16 8 -4 18 16 -5 -6 16 -3 10 8 -2 4 -19 3 -10 -5 10 -6 20 3 -13 -19 15 -5 -13 -11 -5 -14
17 8 -6 4 5 1 -19 -10 -20 9 9 9 -18 6 5 18 -18 8 8 15 0 -11 18 -14 20 0 -5 11 -20 18 -11 5 -9 -16 -12 10 -10 -14 -4 -1 -2
-1 0 4 20 -10 -12 2 19 1 -2 17 2 -1 -11 18 -4 -2 8 5 -12 -12 9 1 -4 4 -5 3 -7 -19 4 -10 -5 -10 16 1 8 -17 5 -8 8 5
-13 11 -5 -11 -16 -7 -17 -6 -4 3 0 -1 13 15 13 12 0 8 -4 -3 11 0 -19 -13 -3 -14 7 -9 -4 6 14 -10 7 11 -5 -13 17 -12 5 15 -1
0 -20 2 12 2 17 18 7 -2 10 20 18 4 -9 15 -3 11 -8 20 7 -3 8 -17 -19 -5 -11 14 13 14 2 -9 14 -5 16 -17 -6 -2 -9 20 2 -6
12 5 8 18 -10 -14 -11 17 -7 -13 4 15 13 2 4 -12 -3 -13 12 -2 -9 3 13 -8 -12 18 -12 4 20 -19 3 -14 -11 -12 -16 -2 -3 -12 17 10 3
7 19 9 -6 18 4 -7 0 -18 -15 -10 -7 -7 -14 -7 17 -14 5 17 12 -5 -1 1 5 -14 2 -20 -2 3 1 2 -18 -17 9 -17 -18 -2 11 17 19 0
13 0 18 8 -4 15 -12 13 -19 10 -4 -13 14 2 -20 17 13 -12 4 17 -8 16 7 13 17 10 1 -2 13 -10 1 -17 3 11 12 -7 20 8 -9 -18 -4
8 -15 10 -19 10 -2 13 -4 3 16 1 18 -18 -11 6 10 1 0 4 16 16 16 2 -11 1 2 -14 0 -11 13 18 8 16 8 -15 -20 -5 -3 -6 -8 6
-17 -11 19 0 -19 -12 -8 6 16 -13 3 -11 13 -20 -17 -6 -1 19 -18 5 6 -7 5 20 -8 10 -17 -13 -4 6 19 -2 -13 14 2 -3 16 6 6 -17 13
8 -9 15 -9 7 -17 16 -20 13 -5 -5 5 -1 1 14 10 0 -14 15 -18 -14 14 -20 15 -3 7 13 -20 16 -13 -19 -16 7 -14 3 -17 11 20 -12 -18 7
-2 -17 -10 15 4 -16 -19 -2 19 15 -1 10 16 1 -4 -7 -4 -10 -19 -8 -3 -4 18 10 2 -7 -15 -5 -13 14 -17 -20 -14 -15 0 16 -16 -4 6 1 17
10 -11 6 13 2 -12 -2 -3 -19 -11 -10 -5 -20 13 -7 -12 14 16 2 -9 15 -13 -19 -6 1 -10 -1 2 15 17 -1 19 -17 7 17 2 3 4 0 11 -7
15 10 16 4 11 2 13 -13 10 10 9 -11 15 14 -4 -3 -11 15 -9 -13 1 1 20 -19 -9 -5 1 8 -8 -18 -20 -17 -14 -11 -17 4 14 16 -15 -17 -10
-6 3 -13 9 -15 -3 -16 -8 -17 10 6 -8 -4 12 8 -14 -16 -4 9 2 14 -11 -14 1 -6 10 2 6 -16 14 3 11 -1 4 0 9 4 -20 2 -12 7
-7 -19 -16 -19 -16 5 7 -13 -2 10 17 -20 -1 16 14 1 11 -16 -12 14 -18 15 18 12 -6 -16 8 -11 -1 14 18 -7 -19 18 1 -8 -16 -13 -5 -12 -13
11 4 12 16 15 8 0 -15 8 -13 -16 10 -10 -9 17 -3 18 -11 8 -8 -15 -6 -10 14 -5 -7 6 1 15 -20 -18 14 4 17 -1 0 -10 3 4 4 12
-12 -13 -16 -6 14 -6 19 1 20 16 -11 6 14 -2 12 -12 1 0 -14 -10 5 -4 20 6 -1 7 15 -11 20 1 2 -7 -7 11 -12 -16 10 15 7 -2 -13
-4 0 -8 -20 12 4 12 -17 20 15 -18 1 15 -16 -7 -8 7 -3 -10 0 4 10 -11 -13 -18 -9 10 5 -1 12 6 1 -13 -12 5 10 -3 11 -12 -15 -13
19 8 -18 -18 -2 -11 9 9 9 6 -3 -20 -2 12 -20 -14 19 20 12 19 14 -1 -17 2 19 -13 -17 11 1 17 9 9 -11 -18 9 -20 11 18 -12 19 -15
7 -20 1 -8 -8 2 17 -7 15 -18 -14 -10 20 -20 -6 -12 6 -16 -20 15 19 -7 14 17 -8 0 -19 17 -12 4 -8 17 -20 15 -1 -18 -15 -15 -5 -18 -14
5 6 10 4 14 -15 -9 14 -15 -2 -14 5 8 13 -6 -8 -4 4 -8 14 6 -2 7 -7 15 15 5 -3 -14 -5 -8 9 -15 2 8 2 10 17 11 17 19
-4 17 -7 0 -18 11 7 15 17 11 -4 12 -1 -12 0 17 -12 5 -10 9 9 8 -16 14 -11 9 20 20 5 20 0 -16 0 -9 -13 -2 15 -16 -11 -1 15