37 41
-17 17 -3 15 -6 15 -15 -11 17 3 19 -18 8 1 -17 10 -8 -11 7 13 -18 -15 -6 -13 10 8 15 1 -12 -10 -18 -5 -10 -10 -15 -15 6 2 7 -7 -8
-5 16 11 7 1 4 -18 1 18 -3 -19 4 -15 -20 -2 -6 10 -5 0 -9 -1 -1 -12 -2 -10 -10 4 -16 13 10 -12 -6 -7 -16 8 -1 5 -17 -16 10 0
5 8 -14 14 9 -5 -10 -15 -17 -5 6 -18 -15 11 0 -16 -20 4 -13 4 -17 5 20 17 19 12 -14 -8 17 -8 -19 14 -16 0 15 12 14 18 10 -3 -16
-7 -18 -13 7 15 14 8 3 -18 -19 2 -2 -10 2 -5 3 12 -15 -11 -6 10 11 -11 -13 11 -20 20 1 -5 9 15 16 16 3 6 19 11 -5 19 2 20
-17 16 -9 8 19 3 6 13 -11 14 -8 -8 20 -15 12 9 15 -11 20 -12 4 17 5 20 19 -17 0 -2 -16 -16 12 -10 -11 15 6 -3 6 -7 -20 -1 -5
5 -1 13 3 -16 -20 8 11 -17 10 4 -20 10 17 15 -1 -3 -10 -12 12 -7 3 -19 15 -12 20 -17 17 -8 -15 -1 -13 7 -11 17 20 2 14 -14 -5 -3
15 1 19 19 15 5 9 0 13 -5 12 -2 -7 -1 16 -5 12 20 18 15 2 -9 2 -18 7 -17 -2 12 19 5 -2 10 -6 11 13 -2 10 -4 0 -19 -18
-5 -4 -2 -18 17 -8 -16 15 -18 -16 -16 19 -9 -7 19 19 0 17 6 3 19 4 14 19 -18 -16 -14 -17 -1 19 7 -12 13 -8 -19 0 1 -15 8 20 -19
9 0 -8 -12 12 -3 19 -7 -19 -12 7 -11 18 14 11 -9 20 -10 -5 16 -17 3 12 -5 0 -15 -13 1 0 -6 19 16 -3 13 17 17 -9 -11 19 -15 4
-14 -14 -14 18 -4 -1 1 14 -3 -19 10 2 -14 -17 -8 20 -14 -12 4 -8 -2 13 -12 -13 -3 8 2 -2 -10 -11 7 -16 7 -7 -7 14 -5 18 -17 -15 -14
-19 2 14 -18 20 -9 -17 -19 -19 -1 -20 -1 -1 18 -16 -14 -12 -19 13 3 -7 19 2 -16 8 19 10 -7 3 -17 -10 -10 16 9 -2 -4 -7 -12 12 -1 7
-10 -6 -17 -12 20 8 18 -14 -2 18 -6 7 -2 14 -17 3 17 -12 -4 17 -20 -13 1 -20 -15 -19 20 -18 -16 -9 5 12 -13 -20 11 -6 -2 5 -15 -2 11
7 -19 -4 11 10 -4 -11 -8 -20 19 4 11 -19 -1 -20 6 6 18 -14 6 14 2 -14 -6 14 -9 11 -9 -17 10 -13 2 -7 17 -15 -5 -16 -3 -13 1 -7
2 2 -7 9 5 16 -3 11 16 12 -1 -12 5 -5 17 -10 -11 13 -4 12 -5 -7 -7 14 -6 -7 15 20 3 -11 -8 18 19 17 -2 -4 14 -11 19 3 20
20 -13 11 -6 -5 8 -15 8 -13 -2 12 1 18 17 -20 -14 -13 -5 10 -3 -16 7 -9 -4 10 3 12 5 8 0 -8 -3 -19 -4 -5 -7 -19 -12 -14 -6 -20
-5 -15 7 -11 -18 -15 13 -11 -6 8 -6 18 -10 9 -17 19 -10 -2 5 -3 4 -18 -10 12 7 -13 6 -3 15 -17 2 -1 20 3 -20 -19 9 -15 -11 2 9
-3 18 11 -19 20 -6 2 -15 11 1 -6 -12 -20 5 -15 13 -12 -14 -6 -18 14 -11 -18 -15 -11 20 -15 15 -12 1 -3 16 -12 13 16 -17 -19 2 -16 -10 9
13 -12 0 -20 4 16 -9 -8 12 -18 -17 -16 -6 -8 -14 -1 -17 -7 8 13 -2 11 14 -10 4 -6 18 17 -13 -2 -5 -9 -6 -9 -5 11 3 -7 -13 -2 17
-14 -18 -2 -8 -1 -1 3 18 20 7 -20 -7 0 -14 15 2 -3 -15 15 -17 -6 -5 -9 -17 -14 10 -18 -16 -10 -5 9 -17 -19 1 6 0 -7 -15 -14 6 -4
-2 3 -4 -5 -5 -13 -3 8 13 15 10 5 20 -12 8 -20 -14 -1 -5 6 -12 -14 0 5 16 -6 -20 10 -5 9 1 12 3 8 12 -10 7 7 18 -10 1
2 -4 7 8 -1 18 9 11 2 -19 -14 -18 20 -13 8 9 -17 6 14 -14 -13 -5 15 -18 -8 15 -10 16 -17 16 -11 -19 1 -2 17 -1 10 15 17 -14 12
-4 5 -20 0 -9 -2 17 -19 12 13 16 15 17 -4 14 16 -20 1 15 0 19 13 -6 12 -9 -2 -7 6 15 17 4 14 4 -6 -7 14 -17 -11 6 -4 -1
17 18 11 10 13 -6 10 -7 -13 4 3 -15 -7 -14 5 5 18 16 20 4 4 8 -5 9 7 -1 -4 -2 -1 19 -3 6 6 8 -14 11 -17 16 -11 -4 12
-11 0 18 -7 -5 19 13 5 16 12 -20 -17 12 -14 18 -5 -13 17 -16 2 -13 -14 7 4 -3 20 -16 2 -1 19 13 -3 17 16 15 -2 -15 -7 1 11 -9
16 -15 3 17 18 -17 -12 -2 -17 -8 20 17 -2 -9 -19 -9 -6 -11 0 10 6 -1 5 5 9 -19 2 12 8 17 -9 -8 18 -5 -16 14 -9 16 -16 -5 -12
-12 2 15 -20 -14 -5 -5 4 -12 -17 14 -9 2 17 -15 -20 5 -17 4 16 -19 -20 -9 -15 -3 -20 9 17 18 5 -7 -20 -8 7 13 12 13 -4 13 13 1
20 14 13 17 2 1 2 9 -6 3 -20 -3 18 -17 5 -12 3 19 11 -10 11 3 -15 -18 16 6 2 -12 -12 -5 9 -17 17 -17 -10 -5 -16 -7 -10 16 -10
8 11 -6 -1 18 -5 -10 -16 -9 0 12 12 -12 11 13 13 4 2 -6 -3 -10 -13 12 5 10 -16 8 9 15 -19 -11 2 13 -15 5 -17 -1 0 -12 -1 -14
-14 -17 -7 11 -10 12 -7 -16 -2 -6 18 14 14 -4 3 -14 -3 -14 0 13 18 -13 12 -7 -14 -12 5 -15 -4 -20 -6 19 7 -15 14 -12 9 16 -1 -19 6
-4 18 -18 -1 -17 -5 20 17 5 -15 -20 6 -20 -12 -18 3 -4 -7 0 10 14 -4 -3 -19 -5 -19 -13 12 -6 -2 -7 -7 -14 10 16 -10 2 3 1 -9 -15
6 -15 -10 16 4 -17 18 20 0 8 -16 14 16 -18 -1 -20 -10 6 19 16 -16 -16 -16 8 -1 16 11 -8 5 14 -13 -12 -14 -8 17 -10 20 11 6 -20 -4
0 2 -10 1 -11 10 5 12 -7 -5 -13 19 -4 -18 -18 -3 -8 15 20 14 3 18 -1 11 -15 15 10 18 1 2 8 -19 20 -18 20 9 7 12 -4 12 -12
12 -10 -8 19 16 -8 19 -4 -16 1 16 5 1 -8 0 7 1 13 -4 -17 -8 9 -16 1 2 13 -16 -13 -15 -20 -17 20 -11 -6 -1 -7 12 10 19 -8 -13
-17 5 3 -6 5 -19 -14 -18 -7 -6 12 1 -19 13 9 15 -19 15 -7 7 15 -20 18 -12 14 11 -17 4 13 5 18 -20 9 -2 -5 16 -10 -5 8 11 15
20 3 17 10 -13 3 6 14 -13 -12 -15 2 -17 -2 -11 3 13 -2 -7 -5 -19 0 -4 -1 15 19 -11 5 -15 7 -1 -5 4 -11 19 -20 -7 18 10 18 13
18 14 -15 -5 -1 20 12 17 11 -14 17 17 -20 14 -3 -11 13 3 6 5 7 19 -8 11 13 -18 15 2 -11 2 18 -14 -3 -5 7 16 -12 -13 -4 0 -19
5 -18 17 -15 -4 -19 9 -17 -5 -10 -6 0 -15 9 20 7 4 -15 -18 -11 9 -12 -15 20 19 -1 -13 -3 -14 -10 19 -3 12 -8 -5 -11 2 14 17 16 20