37 41
4 -18 6 12 -15 -18 19 -1 -1 -17 18 -2 -19 -9 -18 16 -14 -10 0 17 17 6 9 -11 -16 -14 -16 -16 -5 7 -9 18 -6 0 -10 13 15 -4 -18 4 12
7 -15 -7 -11 -6 5 -8 -12 -10 7 -1 -3 -12 -14 6 9 -6 14 17 -18 12 -6 5 14 7 12 9 13 -15 -14 9 -4 -8 -14 4 -15 1 5 6 -18 15
-5 2 -7 4 -5 1 0 -12 1 -2 19 -17 -2 0 6 7 -2 16 10 -8 20 -1 -11 -17 2 3 -1 -20 -19 9 12 13 11 -12 -19 -11 1 19 2 -13 11
1 18 16 -5 -10 -5 -3 14 12 -15 1 6 -4 14 -20 15 -18 -6 10 20 19 16 17 -6 19 18 7 -18 -6 17 7 2 8 19 7 17 -11 -10 -6 14 -9
0 -13 1 -12 -20 3 -11 11 19 20 14 -11 20 11 -16 18 -16 3 -1 10 -5 -8 8 2 15 19 -5 6 -11 15 14 1 15 -20 -16 -12 12 1 -4 7 1
8 -19 -10 3 -5 15 3 5 -1 -4 20 -4 -9 7 -20 3 3 -17 -10 10 14 -17 -20 20 19 -5 3 18 0 -1 13 10 19 -8 10 -11 20 -14 -14 1 -12
3 -7 19 18 -9 -16 -1 -1 -2 13 10 8 -1 -19 19 0 14 -4 13 7 0 -14 -10 -6 -16 2 9 -12 8 1 -4 -16 12 4 13 -20 4 -16 -18 8 -7
18 -13 13 4 -7 -10 0 14 -4 -20 -16 19 -15 -7 -15 -20 -7 -7 12 -4 9 2 -14 8 -3 -10 19 5 -10 13 10 11 -4 -6 6 4 -10 0 -11 6 -18
-15 -12 2 4 -10 -11 -7 1 -13 7 14 16 2 -3 0 -9 16 -16 10 7 -14 5 -8 -19 11 -18 9 -1 16 -2 -4 5 -1 20 -15 -19 -11 -13 -6 -3 17
15 8 19 -2 -1 -17 -20 -18 6 -14 0 5 -7 7 -15 -13 -10 11 -17 12 -19 5 -18 18 2 -6 -3 19 -11 -10 14 -13 13 -6 20 -20 -9 -13 19 -1 16
-3 -7 -17 20 10 2 8 -7 8 -4 -3 11 -2 20 -20 19 -9 -14 4 -3 -17 -18 15 14 -10 -2 0 -20 12 -19 6 -12 1 -2 -3 -14 -2 16 -7 16 -2
8 -10 -11 9 9 18 9 -4 16 4 -19 -17 20 17 2 2 -11 5 -20 6 17 -12 -12 -10 -9 4 -15 -16 -17 9 0 -9 7 1 17 7 2 -4 -1 3 -3
19 -5 5 12 -10 -15 19 12 -6 6 -7 14 -4 -4 13 9 5 9 14 2 -4 13 2 19 19 20 -8 6 -14 -6 -10 -8 -19 3 -1 16 -5 18 -3 20 0
6 -11 -5 -4 10 -8 17 -2 -1 7 9 12 -2 7 -14 5 -11 -3 10 13 15 -9 -11 -18 -10 12 -4 -9 16 -3 7 -8 -6 -3 0 4 -8 14 20 -5 0
-20 20 8 14 -18 -7 -15 18 -9 -1 4 11 -2 8 15 15 14 -9 13 19 -20 7 -20 8 0 15 -17 4 8 15 -9 19 20 -9 13 14 -20 -14 15 -12 20
14 -7 -18 8 -16 16 17 0 19 15 -13 -13 -3 8 -2 -11 0 1 -11 -15 3 -3 7 10 20 0 8 13 -4 -5 0 2 -18 -19 -15 20 -8 -11 5 -11 16
1 6 9 6 12 -13 -1 11 -5 -15 13 11 8 -1 13 -1 -20 -5 -17 -18 2 14 8 -17 9 19 -13 -4 -3 -10 -4 8 1 15 -12 -4 9 -18 5 9 -15
-7 -3 10 -3 10 -17 -15 9 13 1 -5 13 -4 -14 -12 16 -3 -18 -3 20 10 -10 17 -17 0 19 3 8 -10 20 20 -19 -4 13 -9 17 -5 -20 -17 -12 -8
17 15 -9 18 1 16 9 -8 -3 19 9 2 14 -3 1 -20 -4 10 12 10 14 15 -1 -1 17 18 18 4 -3 -11 13 19 14 -13 11 8 2 3 -17 15 16
13 9 -17 -7 15 2 -3 -1 -18 -11 -18 19 4 12 -16 -18 -14 -13 -6 18 0 3 -14 2 1 -2 11 8 16 4 -10 2 16 13 -6 10 16 -11 -3 -9 -20
-19 2 -1 -12 9 -9 8 11 4 -15 -14 1 15 7 -20 -8 -2 -2 -20 7 -3 -10 11 -7 -12 -12 15 -2 -9 9 13 -12 20 15 6 -18 3 -7 9 0 6
-12 -16 -8 15 -3 15 -16 12 4 7 0 -14 -14 -18 -10 13 9 -5 -16 10 -4 16 -15 12 -12 9 14 -13 7 7 18 -20 -12 -11 5 3 11 9 9 -7 4
2 10 -17 20 20 -10 19 -13 -5 -12 5 -13 -20 3 -5 10 -8 16 13 -20 19 -11 -14 0 -13 1 -6 10 19 0 -15 -17 1 14 1 13 -7 14 6 -8 9
-3 15 -8 5 19 -1 7 -10 -11 -13 9 4 -14 -20 -2 18 12 6 5 -4 -10 6 -11 5 9 -13 11 -13 7 7 -10 -19 19 12 15 14 19 7 17 -19 0
-20 19 15 -2 -17 -14 18 5 14 10 18 1 -20 -14 -7 -3 -18 -15 -18 12 12 7 9 18 -13 8 0 -13 -15 2 20 2 2 16 14 -13 -20 8 -16 3 -1
8 0 -13 -3 -17 -17 -16 2 15 -6 19 -17 -13 -4 -4 17 14 5 -15 -7 20 16 -7 19 15 5 6 -17 -17 -20 15 8 7 -4 10 -9 8 10 6 17 0
9 -20 -16 20 -11 -6 13 17 -14 4 -16 -4 -11 11 -13 9 13 -17 19 7 1 1 -19 14 9 8 6 20 11 18 4 4 -8 -2 18 6 -1 -14 -14 20 7
-10 -9 -19 -4 15 -11 1 -8 -18 -1 5 16 -12 19 -1 7 15 -6 -15 5 -16 -17 -12 -11 5 1 -5 5 2 -4 3 -5 6 17 13 8 16 14 18 16 -19
12 11 1 -6 13 7 2 -14 -20 3 -17 18 4 -12 -14 -8 4 -2 -18 1 4 15 9 7 -17 19 -8 18 2 18 1 12 15 -9 10 14 18 -2 -15 -9 2
-18 -18 -9 4 10 3 -7 16 2 0 -7 19 6 -20 -9 12 15 -6 13 1 16 1 -17 -15 -20 -13 -19 -7 -20 -6 8 -7 -13 19 19 -1 -17 -7 -18 7 -16
13 4 7 -8 7 -16 14 6 13 20 -8 3 17 16 -14 1 5 -1 -19 -11 -7 6 -17 -8 -20 -10 15 11 -10 19 5 2 -10 16 -2 -13 20 4 -1 20 -13
-3 7 -17 9 16 -6 18 1 19 -16 -11 20 -9 -11 -10 10 6 -8 -10 15 12 -7 9 -5 3 -5 -12 19 -12 -8 13 -9 -6 -16 -7 15 -18 20 -2 2 -7
11 -8 -8 -7 13 0 -12 9 -9 -2 7 4 -20 18 -7 19 -18 -7 -18 -17 -14 -4 9 -1 -20 12 16 -15 15 17 2 14 0 -9 -14 16 -7 -19 6 -16 1
15 20 -10 -17 -9 -17 17 -12 -3 -1 -2 19 4 4 -11 10 -6 -3 5 4 -14 -20 -5 -12 -8 -16 16 -15 1 19 -3 -14 7 -14 -2 2 -17 -4 -13 13 13
-11 5 -18 12 -5 7 3 -1 18 2 14 13 -11 2 -11 -8 -17 15 -2 13 5 -19 8 16 -10 15 0 3 -20 19 4 9 18 10 -19 20 1 1 -12 -12 18
4 -7 1 -1 -13 6 -18 1 14 2 -3 -4 8 2 -13 -9 -6 2 -6 -7 11 16 -17 5 18 18 18 -20 -17 15 -4 -11 -2 -18 19 19 16 -9 -10 18 -12
6 -8 11 -15 -1 12 -8 3 16 -8 19 -11 20 16 -11 -5 -6 15 -20 15 20 8 -14 2 -9 11 14 -11 6 20 15 -18 18 4 11 6 12 12 12 -3 20