37 41
10 -17 1 18 -3 -12 20 -20 2 7 -2 16 -15 14 -8 -11 -20 -11 -8 -5 -10 -1 11 -15 -16 19 -15 19 -14 13 16 -18 13 -10 -11 13 8 18 9 0 -4
-11 -13 -12 16 -3 -5 3 16 8 18 4 -2 10 -3 -4 19 9 -9 5 13 18 -6 -6 13 -12 -16 -14 0 -19 6 -16 -3 19 2 -3 -16 -8 17 -14 12 2
19 0 -16 6 1 9 -17 11 8 -14 -19 2 -5 19 -19 13 -16 -12 20 -6 -16 16 20 18 -2 -4 -6 -10 15 -19 -6 -15 4 4 -3 -15 13 -14 17 -11 11
-10 -3 -18 -13 -6 9 12 15 14 12 -20 13 -18 9 5 -18 15 -17 -20 -8 -13 3 -7 -12 -7 3 1 -18 -18 16 -18 0 -3 1 19 -1 2 -8 -13 20 19
-18 4 1 -15 3 11 -19 -4 -5 -14 -12 -14 17 -11 11 -9 -11 13 8 0 -8 20 4 -15 -5 4 0 -9 -14 -10 -5 8 -3 -11 -8 -15 14 15 -16 14 18
16 2 -17 2 17 20 -14 -13 -18 7 -20 -15 3 14 -20 12 -15 16 -9 -12 -5 -16 -7 10 14 7 -6 -14 11 -8 7 8 1 -16 -16 -1 -9 -17 -2 0 12
5 18 -16 20 11 13 -5 6 0 -5 19 13 -3 7 -10 7 -8 3 2 1 1 6 -2 -5 12 -16 9 13 -5 -17 -17 13 12 -19 20 20 -16 -10 -4 -20 3
1 9 3 -1 6 -20 -8 -15 -2 -17 6 -9 -8 14 -4 0 5 -10 -10 -10 8 -16 -17 -10 17 -9 6 12 -16 9 -4 6 10 -10 19 3 -12 18 -2 16 -19
14 1 5 8 16 -11 -16 -14 4 6 18 -1 7 8 0 14 -5 -14 -20 16 -11 14 -12 10 10 -18 13 -4 -16 2 4 14 9 6 4 18 -6 -15 14 -2 16
15 -14 -6 -6 4 -19 13 -8 18 -17 1 16 4 -16 4 -19 -5 -20 -5 -16 -10 -2 17 7 -5 19 -11 17 -7 7 9 -2 14 -5 13 7 -6 -8 4 2 4
3 -19 -15 -9 1 11 0 14 2 -6 2 -16 14 16 -13 -9 12 4 7 2 -15 17 -16 -16 -1 -4 16 12 9 0 1 2 -1 -13 10 -13 -8 8 10 -9 7
-10 -3 20 16 -20 -6 0 -7 9 5 12 16 1 -5 -11 -16 -11 -15 4 -16 7 18 8 15 20 11 -19 9 18 -15 -14 4 -4 18 16 -14 -15 -11 -6 -16 5
11 11 17 20 5 19 3 8 -20 2 -2 -7 18 14 -4 -7 0 -7 -17 16 -1 12 14 -15 -16 -12 -17 3 2 -9 6 9 -2 -17 -1 4 6 -19 1 13 -17
-4 -19 -8 -1 18 -1 -4 -9 -8 -11 0 -9 -10 -2 -9 9 -8 5 7 -10 -13 -19 13 6 -18 -16 -7 13 8 -16 -19 -12 -4 14 -18 9 13 -18 -3 15 16
-5 -9 -1 0 1 19 -12 3 16 -3 -14 -19 -10 -3 4 -14 -2 14 -12 15 11 5 -3 17 -19 17 -18 -4 -19 3 3 6 -10 -18 -11 -4 -20 -7 -17 20 -16
-8 12 8 3 -13 -14 13 5 -12 -13 9 2 -1 -9 2 -3 -19 5 20 -11 20 4 -2 -16 -17 -4 -7 0 -12 19 -8 6 -8 -11 -14 11 -5 20 -7 -16 8
-11 -5 14 3 -9 19 -4 -16 17 10 -14 -18 7 -12 4 -7 -17 -6 -1 1 16 -14 -5 -4 -2 -19 19 -19 -4 16 7 7 3 -12 -15 -12 -17 -18 14 -10 -9
12 5 -17 -16 -16 4 1 -5 -9 -8 -16 14 -10 -14 2 -10 19 -13 3 5 20 20 12 18 -12 -20 -20 19 -19 15 -4 -13 4 -1 -7 -9 19 -19 -20 -5 3
-20 0 -15 -3 -20 -16 -4 8 14 -16 5 13 -13 14 3 1 17 14 -11 -8 -14 -12 -3 11 18 -4 1 -18 4 16 8 10 -14 15 -20 -19 19 -2 0 16 -7
-10 8 -4 4 5 3 5 -1 6 -15 -1 -11 2 12 -11 -18 -18 3 -19 4 10 13 -16 11 18 -13 -11 -6 20 -19 -4 -3 3 6 0 -19 -16 -4 -3 -13 -13
18 -5 -10 -17 0 -10 6 18 10 16 -6 -3 -15 10 2 -15 -19 5 19 7 -13 -7 -10 7 -19 7 10 -10 -15 0 20 2 -14 -12 6 -8 13 1 -11 6 -7
6 -10 6 -18 4 19 10 -8 17 -17 13 15 7 -8 4 -2 11 -18 -16 -18 11 -4 -20 7 2 -13 6 6 4 15 -12 7 -9 2 1 -1 16 -7 8 3 -13
3 6 -17 -12 -13 16 0 0 2 -11 -7 17 -14 7 -5 9 10 -1 -6 -11 12 0 15 2 6 20 19 -15 0 -19 -15 4 17 -12 19 -1 5 -13 -15 14 -5
6 -19 10 -7 -11 15 -9 18 16 12 2 16 19 20 19 -5 -7 -12 2 10 -9 -10 0 0 -14 -4 8 16 -10 -20 -3 3 3 2 -7 -19 -8 8 19 -14 16
-12 -20 9 -6 -18 -18 7 5 0 -13 13 4 -17 -17 12 5 -6 -3 16 5 20 -12 20 -13 -12 13 -9 16 -19 -8 14 2 1 -6 16 14 -12 14 4 -12 -17
-19 5 -6 14 -11 -16 9 13 -2 17 3 -18 1 -6 2 -19 -11 17 17 18 -3 -17 -6 1 3 1 13 -1 17 1 20 15 -7 -4 12 14 18 -7 -10 17 -12
14 3 1 -4 6 17 -20 14 11 -15 11 14 19 -14 8 -18 -7 -16 -4 2 17 7 6 9 -4 8 19 -13 15 -6 -12 -20 17 -5 16 -3 18 19 -14 8 19
14 15 -18 15 0 -20 -19 2 13 -19 -14 -8 17 -4 -20 7 16 -2 -11 -12 -4 10 9 5 -7 1 2 9 -11 2 1 10 1 -15 -16 12 -19 -11 -5 0 -12
-20 17 17 20 20 6 -20 14 6 12 -5 -17 13 17 6 -14 -16 4 6 17 14 -8 13 -10 -16 17 12 -16 0 -10 19 11 0 17 2 16 -16 8 5 -5 -17
-14 -11 1 -12 4 18 12 -3 14 -10 -17 -17 1 16 -17 -17 -17 20 16 -18 -3 -17 11 16 6 14 18 3 -18 0 -5 15 11 -17 2 12 3 -3 10 16 16
20 20 19 -3 -7 -1 13 7 -4 -10 1 -3 -4 -15 5 -3 -11 18 -8 -3 6 -8 -15 6 0 8 7 8 -20 -14 19 18 -3 -14 -20 14 -7 -17 15 9 9
18 -19 8 -1 0 19 -8 -2 -3 5 -6 9 8 1 11 -17 7 8 -13 -20 18 14 -6 17 14 -2 3 8 11 -19 -7 10 -8 2 18 -20 20 -1 2 -9 16
9 9 4 -2 -6 -13 -6 1 -10 -13 14 17 10 19 -7 -16 20 -4 16 17 -14 -1 0 4 10 -16 -18 20 15 -14 -7 16 -10 -4 -4 -20 20 -10 20 -16 16
12 7 7 6 -18 -13 -18 11 5 -15 14 -10 -17 20 20 -2 13 -3 7 4 1 -9 16 -1 -10 -15 -11 11 -15 15 19 -4 11 -20 18 4 19 18 13 19 5
-14 -2 6 -4 -19 -11 -8 -5 1 7 0 -8 -6 14 11 -11 17 -16 -13 -3 16 6 -10 3 10 -8 5 -8 -5 -12 9 -16 12 16 -16 11 -10 -18 -16 18 3
1 16 11 17 -8 15 2 2 18 12 -16 -3 -17 -10 -6 -11 -6 -3 17 -15 -6 -4 -15 16 15 -12 14 15 5 -10 5 13 17 0 -13 9 -6 -2 -5 -8 -19
7 12 10 0 0 16 -7 -14 -4 7 15 -20 9 -15 -15 9 -19 0 -14 -14 18 -18 -12 -18 -12 12 10 7 7 10 5 1 -13 19 -6 -2 12 -12 0 18 -19