37 41
9 9 13 -17 -12 8 5 2 10 4 -1 -18 9 -6 -20 19 18 -5 7 -5 0 -17 -15 -1 5 -13 -1 -10 -1 18 14 17 -19 20 5 17 5 10 -14 1 -17
-14 16 -4 7 -16 19 3 -1 9 10 1 -7 20 -6 18 -1 -2 10 -13 -10 -12 -13 -9 -20 8 11 18 -9 -17 14 -7 -2 16 13 -8 -14 3 0 -8 -2 4
18 -12 -6 -10 8 -11 -7 -4 -1 -4 -5 -5 -13 -18 8 15 -20 9 18 17 -11 0 -4 9 7 -4 7 -6 11 -18 1 11 10 -5 10 -15 -16 7 -7 -16 5
10 -8 -6 -6 -19 -18 -15 -8 16 14 13 -6 -15 -4 12 3 -16 19 4 -20 -18 18 17 -19 1 17 17 -2 13 -5 -2 -7 15 2 2 14 -7 -15 14 8 15
-4 11 -15 -2 -15 -8 4 -1 6 -7 -1 -7 -1 0 -12 2 16 -15 19 12 15 17 -16 -1 -15 8 6 4 -7 -11 -15 9 -4 3 -13 -11 14 -13 3 10 14
8 -10 -9 20 5 1 17 1 9 0 -17 2 -1 20 -14 -20 13 14 10 -15 -8 -4 20 5 -20 -3 -15 4 10 3 -11 17 10 -7 -20 -14 3 2 2 -6 -15
7 13 12 -11 -20 2 11 -11 17 16 8 -20 -15 -11 -19 -14 -4 15 20 -3 0 10 -16 -5 -20 9 -11 10 -3 -4 11 -1 -14 19 -18 -14 -7 5 11 -6 10
5 15 19 1 -2 -15 8 9 16 -7 1 5 -18 -13 9 2 15 11 20 11 -4 20 0 -20 -5 -20 -5 -7 4 -15 -13 3 -13 16 11 -20 14 15 10 14 13
-7 6 10 5 20 2 20 6 -14 -18 17 4 15 20 11 15 12 -5 -10 16 20 -20 10 -16 -20 19 6 -12 19 9 9 -17 9 11 16 -5 15 -7 12 17 -13
2 -11 19 -15 6 9 2 19 1 -4 -2 -11 5 7 -8 -10 -19 7 4 -20 -7 16 4 -2 14 6 8 -2 -15 0 -13 10 7 8 3 -11 -4 11 14 -13 8
-16 2 -13 -14 19 -13 4 10 -13 -6 -3 14 -6 -10 10 -14 5 -20 -9 19 7 4 -9 19 15 6 2 -10 -14 -19 -11 13 -12 3 10 3 -13 14 7 13 -10
-16 -15 -5 -20 -17 -2 13 13 -17 2 7 -7 8 15 -8 -16 9 14 9 -14 -16 12 -14 12 -8 -15 -19 20 4 16 14 -16 14 -14 -16 -11 -18 -12 11 -20 -3
13 -12 -15 -1 -1 20 -12 4 -9 15 -1 7 17 13 16 -5 1 4 18 -11 2 16 13 -17 -17 10 -4 -2 -2 3 16 -7 -3 -12 -6 20 19 10 17 1 -20
-13 8 0 -14 -19 -7 -2 19 -2 -3 17 -19 3 3 20 9 -6 2 1 -19 -1 8 -10 -15 4 -19 -18 7 -1 5 -1 19 13 -2 4 16 14 0 6 13 19
16 10 -10 -2 5 -20 17 7 -16 9 -1 -14 9 5 -20 -14 7 -13 17 4 18 10 -10 5 -6 -20 16 -15 -10 -18 8 10 -9 -11 -19 -11 -7 5 -6 -3 20
9 7 2 12 18 0 -14 4 -1 9 -17 16 9 13 13 -4 2 -14 -20 12 -6 10 -14 18 -18 -20 -19 -15 -7 -2 -9 1 -12 11 -15 -12 -14 -19 -16 11 13
-20 -8 -18 0 -5 8 -4 13 -12 14 8 -3 3 -4 -11 -13 -11 3 -17 0 -8 -3 -17 -3 -17 -17 -11 -9 -17 -5 -8 10 5 -6 9 -6 -4 19 17 -19 -4
16 -16 -14 -8 -15 19 -14 -17 4 -6 -17 -15 -11 19 -12 9 19 11 -5 -19 15 4 6 16 -8 -4 6 -5 4 -8 -9 -14 2 -20 -7 17 -2 -15 -3 19 -13
-2 -2 15 -16 -20 19 -1 15 -14 -18 19 -6 -16 0 7 17 -20 -11 -8 -16 -16 -17 -14 -12 8 12 -5 20 11 5 -12 11 -16 -10 -18 -4 -1 -13 -11 8 -5
-3 11 -16 -4 9 -9 10 -11 -15 -16 4 0 16 -7 -11 -5 -2 -16 -11 5 5 15 -12 8 -4 -20 5 14 4 14 20 19 17 -16 -10 -20 1 12 14 11 0
-16 17 0 9 11 3 -20 19 -7 -5 0 10 -4 -4 6 9 0 1 -13 4 -7 14 -18 -6 -10 20 20 1 6 3 3 4 16 -19 0 5 -4 10 7 -17 -9
-11 8 20 -16 15 -1 0 -12 17 -7 14 -17 -12 3 -15 -7 8 -6 -2 -8 -19 7 -12 -4 12 19 9 -3 8 20 20 -2 13 14 -17 -13 1 -9 14 8 4
14 18 4 14 -3 -14 17 15 1 13 18 -9 -17 -15 -15 -10 -12 -6 0 -5 19 19 -19 17 5 -14 5 -9 6 -9 15 -8 -5 -6 7 10 -19 -18 -13 -17 6
17 -8 19 14 -11 -8 -9 6 6 11 -10 -14 12 -17 7 13 13 10 7 -3 -14 -16 5 16 17 2 -16 15 -17 -18 20 12 5 -10 -5 8 6 -11 10 -18 -9
10 -13 -7 -19 8 11 1 -16 15 17 16 -4 -16 -11 13 -2 -16 0 -9 -13 -7 2 10 -14 -6 11 20 -11 -20 15 -1 -2 9 10 -11 7 -13 4 -18 15 -2
13 -4 4 7 1 0 -12 -2 16 6 -14 16 -8 -7 -3 7 4 12 -16 -13 -4 17 -5 -9 17 20 8 -11 9 -12 9 14 -10 -15 -15 -11 0 -2 6 17 20
10 0 10 0 -2 -2 -8 -15 3 8 2 -11 10 -7 -15 -14 -19 8 -4 -15 9 9 -20 0 -2 -20 -12 11 -6 4 14 -4 10 -20 0 -17 -14 -5 -1 -3 -19
7 -20 16 6 5 -13 -15 -4 5 -11 -17 -18 -5 1 -8 2 -3 16 8 13 0 -8 12 7 7 -2 -19 13 7 -16 -9 -14 4 -4 -6 -10 2 18 19 -15 19
-10 1 -12 -2 0 -18 -8 2 -10 -10 -13 -1 13 -18 -20 0 -5 11 -2 7 -12 -10 -2 -11 -17 3 -9 -12 -14 9 -9 0 17 15 -5 19 16 10 5 -3 0
-11 -4 -18 5 19 -12 -18 20 7 19 18 -17 11 -3 -20 18 -6 -11 -10 1 -19 6 -5 -4 -11 -13 10 10 -6 -20 -12 -2 5 2 14 -11 -12 -15 -2 -7 3
-12 -16 10 -14 -3 -13 -18 -12 4 -8 20 6 -3 12 -1 -7 -19 -14 3 -16 14 -7 14 10 20 12 12 1 0 -10 -17 -5 -16 -4 13 -20 14 6 18 19 11
-13 13 -18 -2 3 15 -20 -20 18 -17 12 -20 20 5 18 9 -10 -7 16 11 -17 8 -9 0 16 -10 16 13 -3 -19 20 15 2 11 -11 11 -2 11 -16 3 19
-7 6 -4 -14 7 -6 6 -7 -2 -1 17 -14 -19 8 17 14 10 -15 7 17 -9 -17 3 -20 -14 -17 -18 -12 -16 -9 19 13 -17 -14 -19 12 -15 13 11 -19 -4
-14 -8 -20 -9 -5 4 -4 9 17 -20 -19 1 -15 17 14 -8 -11 -20 3 -11 -17 -15 -18 17 -8 17 -15 -5 4 -15 0 -11 4 3 -9 14 11 3 -6 7 -10
6 -20 -6 -14 -13 20 -9 20 -6 -6 12 -1 -9 -12 1 3 11 -3 -10 -10 10 18 -6 -17 -11 5 -14 -6 -15 -9 -12 14 -17 -2 -17 15 -2 -11 -20 18 8
-13 12 -4 -14 -16 -1 15 3 -11 9 -10 -6 -2 0 8 -13 20 -16 -15 -12 -7 1 -16 3 -13 20 19 17 -2 -9 -5 -10 -15 20 10 6 -19 4 9 -18 2
-14 -9 -9 -4 17 -3 -5 4 -17 -9 15 5 13 0 -7 4 -12 -11 -14 -7 -8 19 -19 9 -20 -20 12 7 16 -19 -16 -9 -7 14 15 -1 -12 -11 -13 -8 -7