37 41
1 -2 -18 -2 -5 -3 -15 8 11 7 5 -2 -16 -15 -17 -13 -5 2 -4 20 10 5 2 -20 9 -18 16 19 0 -12 -9 -13 1 -11 -3 1 -9 -12 -5 1 19
-15 16 15 5 15 -8 -2 -10 20 3 -15 -11 -8 -1 -14 17 11 11 -12 13 -12 -11 -1 -16 11 -7 -17 -19 -6 16 -14 17 -20 14 -5 3 -17 13 -15 12 3
4 -15 -16 -13 16 -15 -7 -20 7 7 12 0 -7 2 -11 -19 19 -17 9 -16 -10 -9 0 -20 -20 -6 -16 -4 -17 -5 -20 13 -9 4 18 3 3 -2 14 17 -19
-13 -4 -3 -16 -1 -12 -16 -2 19 10 19 -13 -5 12 -17 4 14 9 -3 8 1 -4 -18 -15 -1 19 9 -5 15 -5 -12 10 7 -13 19 -4 6 -4 -15 -18 1
-2 -14 16 -8 7 11 -7 6 4 -11 11 5 -10 13 -1 9 -10 5 10 0 -1 -12 -11 14 12 -17 19 14 2 19 7 3 -11 -1 -14 -9 -11 -13 4 17 -12
-7 -7 16 -17 -13 11 1 -12 -14 20 1 10 9 -14 19 3 18 -17 -8 -3 -4 -12 -18 16 17 -13 5 -5 -3 13 6 5 -9 -9 17 16 0 14 -14 -17 1
-9 -5 18 -2 -19 19 17 0 -6 2 13 -19 -2 10 -11 -15 17 2 8 7 -10 -10 -19 -3 17 17 -8 -16 -2 -5 -15 -11 5 17 -11 4 0 -12 -16 -19 5
7 -3 -11 7 2 4 7 -19 16 13 -14 -12 -2 0 18 -3 -10 -16 -14 -9 -19 15 -4 -4 17 -16 11 -19 -13 17 -9 5 -7 -7 -9 -7 10 -4 8 5 -15
12 3 -7 -16 1 14 -2 -3 17 11 9 -2 -9 -11 -14 -18 12 -12 11 20 6 -15 -8 -20 17 -15 19 -9 -9 -3 -7 -9 -19 5 -4 18 -18 -3 13 -3 2
6 -6 -16 -11 -4 19 -13 11 0 -8 -17 3 -16 16 5 -16 -8 -5 12 -15 7 11 -20 10 16 -10 5 -6 -3 -15 17 -2 -12 11 -15 3 -11 19 -12 16 1
16 -11 13 20 4 20 -12 1 -6 14 -20 20 -14 -15 7 -18 11 -12 11 -1 4 19 -7 9 7 5 2 -4 -2 -14 17 -5 1 -17 -16 20 -19 2 9 -9 -18
-2 -17 -10 0 -2 -6 -4 -2 8 13 16 11 0 4 3 -18 -11 20 -1 7 7 20 -2 8 -5 -5 11 11 -1 8 -9 15 4 2 -16 5 -2 -7 1 -17 -13
18 -19 -11 7 2 18 5 -11 11 20 -12 12 13 -14 -11 -1 -15 17 -1 5 -11 -6 10 7 1 2 -11 9 5 -14 17 20 -14 16 -19 19 -8 -4 -10 -16 0
1 20 10 -14 16 12 20 -5 11 -15 2 -1 18 12 16 -16 5 -5 13 12 7 -10 -1 -3 -16 5 13 -15 2 -5 11 5 3 16 -13 -17 -16 3 -4 10 -20
-20 18 19 -1 -5 1 -19 -5 18 -6 13 16 0 11 -10 5 -19 -17 -6 15 12 13 -20 -3 -8 18 8 -7 -11 11 15 12 0 1 -9 -20 -5 -17 12 15 -19
19 -17 -9 14 8 -3 20 -17 -3 14 -12 18 4 -14 -16 -8 7 -11 -8 -17 14 -17 -9 13 5 -10 -7 4 0 -10 -9 8 -5 -13 17 18 8 20 12 0 -17
-15 8 13 10 -13 -9 18 7 12 -14 4 19 -10 -18 12 16 0 2 -15 -7 -2 -9 13 18 -9 14 1 -6 19 16 -17 -15 8 10 19 -15 6 -19 -7 19 13
-1 -9 10 -10 -15 -7 -1 -18 -6 20 11 17 -3 -15 -7 17 13 -7 -19 0 -18 -15 -14 -12 18 17 15 -3 14 -5 -9 12 -10 -19 -9 -8 -19 2 -3 -6 -15
-8 -6 9 -18 -2 -4 -2 -11 11 6 -10 -13 19 3 -13 18 18 9 -10 20 -12 5 13 10 13 16 -3 13 19 9 -11 -8 -7 3 -14 -10 6 -14 17 10 -5
-6 14 -13 8 7 -1 7 -14 -19 14 4 11 0 3 11 13 -19 19 -6 -1 12 -2 -11 -6 13 -16 -16 -17 4 4 17 12 6 -4 9 3 11 15 10 19 10
-2 2 -16 4 -13 10 3 11 11 6 -7 -20 11 -16 4 -19 12 3 6 -12 1 -1 -18 -3 9 -1 -5 -19 4 16 -8 13 -14 -9 -11 -12 -18 -20 -1 -7 -8
-4 15 16 3 10 4 15 -2 16 -1 17 -20 16 1 0 -7 -6 -5 -18 4 20 -14 8 4 3 17 -4 -3 7 -11 8 18 2 -16 -15 -20 17 -15 -4 -5 -13
-7 18 -11 -9 -18 18 10 -10 5 12 1 -17 20 -10 -20 -8 -15 4 -7 -2 -15 -6 -6 -1 -2 -5 6 20 -10 0 18 14 -14 -17 -20 -3 2 -15 17 5 -17
-4 -15 -7 -10 8 -2 -9 -20 15 18 13 -4 11 7 -18 20 19 -11 -18 -15 1 14 10 5 3 -6 4 -1 19 16 19 -12 -13 -16 -2 20 14 -17 -11 10 -13
-4 -3 12 -7 18 0 -19 1 19 20 -17 -6 3 -4 -13 -19 8 18 15 -17 8 7 6 3 -7 -3 20 6 11 6 17 0 -1 -1 2 0 -16 -6 10 13 16
-9 -13 0 -20 16 -14 -20 6 15 18 -20 5 17 14 7 -2 -2 5 -6 7 13 -16 7 16 -12 14 -3 4 13 9 3 15 -17 -15 18 -8 -11 -14 -15 -13 -4
8 -20 3 -2 -20 0 10 20 -3 -6 -8 0 19 20 -15 -14 19 9 -15 -1 -11 17 -20 10 9 17 9 20 6 -20 12 17 17 16 9 -16 -8 8 -13 -5 8
0 9 -13 9 -7 -7 8 17 15 -19 -3 17 -10 -11 2 -9 -3 20 10 -5 -16 -7 15 -5 -12 -2 20 -7 13 -15 -3 13 13 -18 8 13 -6 13 -3 12 15
11 12 15 17 13 -13 -19 9 -3 19 4 -5 -13 -13 -11 5 -13 -5 -19 5 8 17 2 2 -4 13 8 -11 4 -1 11 2 16 17 -2 9 -4 5 -19 -4 -14
17 8 -20 14 7 0 14 9 -16 10 -5 -10 7 0 4 17 -14 6 -18 11 9 19 19 1 -10 -7 -9 -14 19 19 -8 -14 14 7 -1 -5 -19 -6 17 0 -5
-16 10 -9 -19 11 -11 -18 -1 -14 -20 -5 4 18 -7 20 10 3 6 14 -16 -5 1 -5 -17 9 10 17 -15 18 -18 11 -5 3 -7 7 10 14 -2 2 6 4
9 -18 20 -9 17 -13 12 17 -2 -12 -16 2 11 1 -10 -6 -1 17 -7 9 -9 -12 -4 -7 11 17 3 15 16 4 4 -9 -19 13 2 -13 -3 -20 0 6 -20
-8 8 -13 0 -3 9 13 4 -5 14 -9 -17 -6 -6 -2 -15 5 7 -11 -7 -4 15 0 -18 1 -16 17 -6 14 7 -12 -15 -10 14 -9 -1 -9 -6 -12 -6 -6
-10 13 2 2 -4 -12 -3 19 10 -15 0 -10 14 -18 -20 -18 7 17 -16 9 6 0 8 -6 -19 12 -15 -17 17 -2 -4 -10 -13 -19 -7 14 18 -10 11 -10 17
-12 -2 4 -10 17 2 14 4 12 3 12 -3 -5 9 3 -4 -7 18 14 -11 12 -20 14 19 16 -1 8 3 13 -16 -8 12 8 1 3 -1 0 0 -3 3 -18
-5 18 -10 3 -18 8 -20 -13 20 -20 -15 -14 -13 -17 -6 -14 14 14 6 -13 3 -12 1 -16 -13 12 17 -14 12 1 12 3 18 9 -16 -14 -9 5 1 -2 4
4 16 19 -8 -14 16 -12 -11 17 -14 -15 -20 7 17 1 19 -16 -14 -8 12 -9 3 4 8 16 -1 14 -19 14 7 -14 -10 1 -15 19 16 -18 -11 19 2 12