37 41
19 12 -13 -2 -13 -11 -16 5 -2 -19 -20 11 -5 19 -11 -3 1 4 19 -18 2 3 8 -11 -12 20 0 -10 12 19 10 11 -17 14 18 7 15 -6 -8 -20 0
15 1 -8 -5 11 -20 -18 -2 19 -7 14 20 17 17 -19 5 -1 0 17 -3 -9 10 -12 16 -6 2 17 -16 10 -13 13 -16 -2 -4 10 19 -3 1 -9 -4 19
7 -5 -15 11 -14 11 14 -9 20 -2 -7 -13 17 -11 13 -9 -1 8 -2 -17 -5 12 -16 0 -2 -14 17 20 14 -5 -10 9 -20 -9 -13 11 -3 3 -16 -11 -12
20 -7 -10 18 -15 14 9 -7 -18 3 -7 6 -15 -9 -18 9 3 -4 -17 5 9 7 -11 -17 -9 14 12 -9 18 -3 -4 1 4 8 16 -4 18 19 -17 16 12
5 -6 14 20 16 -18 1 -6 -10 -13 -8 1 2 -15 3 12 19 11 -7 -1 12 2 1 19 18 -2 4 9 2 -8 -15 -10 16 -6 10 -17 -15 14 10 -10 13
-13 19 -13 -17 -6 -4 7 3 -18 -5 6 -12 9 6 -1 -10 20 -3 -13 -13 17 -1 -12 7 -10 -20 -3 17 -12 -1 7 -13 -9 18 13 5 -5 7 -17 6 -18
14 -3 20 -11 -12 -7 -15 9 -5 3 1 -9 3 -11 13 -18 15 16 6 -8 14 -15 3 -9 4 3 -16 -1 10 10 -11 20 -19 14 16 1 3 -12 -7 -18 -11
-10 2 14 -9 -13 -16 -1 -14 17 6 0 -12 -16 0 11 -9 18 -13 6 -17 -8 -13 9 1 15 3 0 -5 -4 -13 -13 -19 -12 9 6 -17 7 14 -16 10 3
-20 20 -8 -18 -15 18 17 8 10 -4 -4 12 -5 11 8 -13 -14 -11 -15 17 7 4 4 0 13 -8 -12 -3 0 17 15 -9 8 -10 -19 5 18 -18 10 -7 -3
-1 18 -5 -7 19 -13 2 -4 15 -9 -10 15 -15 15 -6 5 20 20 7 1 8 -1 -9 12 -12 -15 18 13 -2 4 9 -10 5 6 5 11 -8 17 12 10 -15
-10 -2 -8 20 -4 18 -3 -7 -6 13 11 -6 20 -17 -7 -3 -12 9 -16 17 -8 -19 9 18 -20 12 -12 11 8 -4 14 5 3 14 10 -17 -14 -4 -7 11 -2
8 5 5 -8 3 0 1 4 3 1 10 0 11 -17 -17 12 2 -2 -10 1 19 -2 12 4 2 -8 -2 -7 9 9 -7 17 3 13 17 -11 -20 2 18 1 20
10 -1 -18 5 -15 1 11 15 2 -8 8 -19 3 -4 15 12 -2 17 -3 -19 7 -10 14 15 -6 -9 10 7 -11 11 4 13 -7 14 5 -13 -16 8 10 18 20
7 -11 17 15 -3 -3 19 16 5 -20 7 12 1 18 6 -8 19 17 20 12 -14 -11 6 16 -18 -12 -12 -1 -2 -12 -9 19 -13 -16 -4 11 -10 1 -17 -18 6
-6 -15 -4 -13 -20 -7 19 -18 -18 -10 -4 -15 -14 -15 6 16 0 -20 -11 5 17 -14 7 -8 2 -12 19 -10 0 -14 0 5 -17 18 -7 3 -6 0 4 -16 18
-13 0 5 -3 13 -3 18 1 -14 5 10 12 4 -16 -11 -9 -5 15 -19 -20 2 -20 2 15 -2 -5 -9 10 14 4 7 -19 -18 -5 -7 19 17 13 -20 -2 -4
10 -7 8 15 16 0 -4 -8 -18 -20 -1 -7 13 -11 2 10 -4 13 -1 1 3 16 -19 12 -9 15 -15 -2 -4 11 20 16 -12 4 -8 11 -9 17 18 15 -7
-10 12 5 2 -15 7 -18 17 -6 20 3 -17 -8 12 19 -4 3 4 9 -15 -12 13 -5 10 13 18 15 3 -15 -14 15 -2 -20 -1 -2 10 16 -7 3 19 10
6 7 -19 11 -7 -9 -3 -18 5 -5 -10 -12 14 -8 0 -4 -17 9 -3 3 -4 -12 19 -8 16 18 13 -9 10 12 -20 11 6 -6 1 -3 -19 -5 3 -20 -11
9 17 -14 5 14 16 18 15 -16 -14 -16 7 -6 -20 0 1 7 -19 6 -2 -11 15 -13 11 -19 -15 -19 12 -8 -10 -2 -18 -12 11 15 9 14 9 14 17 -14
5 17 13 10 7 4 14 18 -14 -8 -12 6 10 9 -19 13 10 -12 -16 -12 -2 10 -16 16 17 -16 -13 -14 13 11 5 -20 -1 -20 -11 -19 -16 -7 -14 -6 -1
0 11 10 -14 -20 -8 -9 -4 7 6 -20 -14 -20 8 -11 -2 1 -15 16 15 18 8 20 -11 0 8 -8 14 1 -4 8 20 -16 16 9 -6 4 7 -4 -3 -7
-3 18 9 1 0 11 -2 15 -19 -19 -12 -7 4 -3 16 11 16 18 5 5 -9 -20 -5 16 18 8 -6 12 8 9 0 -16 -8 -15 -10 -8 20 -20 3 -13 -12
-6 2 14 18 3 -12 7 -16 -4 -10 -15 -11 -16 -13 10 -16 17 -15 7 -8 -18 0 -11 -12 -5 -17 3 -20 -6 -7 1 8 20 -15 16 18 16 11 -8 -16 -14
-16 -7 -17 -3 -8 3 -2 1 1 6 -1 3 -2 7 6 9 14 -8 -8 -2 -15 -10 1 -16 -10 4 9 -19 -17 -5 19 -19 -11 -14 -16 6 19 -13 16 -20 2
-1 17 -18 -3 8 -6 6 18 -20 17 -16 -5 -18 11 -9 -18 -15 -16 -1 9 6 -13 -4 -13 -11 -12 11 -18 -12 -9 20 -16 -13 -7 -12 -4 19 10 -7 -14 20
-4 -12 12 6 7 -7 12 -19 -6 5 4 -6 -14 19 -8 -6 18 12 14 6 -10 -17 -18 17 -10 -10 1 -19 0 -4 14 -7 -19 -11 -11 10 12 -8 -3 17 -11
11 6 -19 2 2 -16 18 10 -3 10 4 5 -6 0 3 -3 -4 4 17 12 -17 14 -5 2 -15 -2 -9 -20 -15 12 -3 -16 -4 -7 -5 16 -18 9 -6 -4 19
-20 6 0 -3 -17 -5 17 9 9 -4 -1 6 4 -6 11 0 3 12 14 6 -3 4 17 -12 17 -19 9 4 -2 19 9 -4 19 -18 -8 19 12 -11 10 -14 2
18 10 13 15 -8 -16 -18 6 8 -7 6 16 13 19 13 11 -9 6 20 -18 20 -15 5 -2 -18 -2 9 17 -8 -12 9 14 -3 -5 -15 10 19 9 -12 15 10
2 1 -14 -19 -15 1 -8 -8 13 -9 8 10 1 19 -11 -20 -13 -9 12 20 12 -2 19 -7 5 14 -2 -5 -9 -12 1 5 -18 11 -15 -10 -12 -10 -13 8 14
17 7 -9 12 12 11 6 -8 -6 1 11 -10 11 1 10 -2 -18 -12 9 5 -12 -19 7 18 -10 7 -11 2 -4 -9 20 18 -9 10 -2 -19 4 0 11 14 1
19 12 8 20 -19 0 -3 14 16 -16 -20 -19 5 -2 1 12 -3 -7 2 7 12 12 -14 3 -10 -19 -1 15 -19 0 -18 14 -12 -19 -1 4 0 8 3 -9 -16
-18 2 -13 -13 -11 8 1 -13 6 -12 12 -3 15 17 -18 14 -18 18 -5 -7 20 -19 13 -11 -19 -5 -20 -12 -11 -15 -5 -15 14 1 -13 -20 -11 11 -8 17 19
-2 3 2 20 -17 -14 -15 6 16 -8 17 -17 3 12 19 20 3 -15 14 6 -11 -13 -6 1 5 -2 4 18 16 -10 -5 -9 2 -15 -17 -15 -6 8 -3 -17 -19
10 4 1 -9 20 -4 -10 12 12 15 -7 -15 -1 -3 16 10 18 -13 -9 -16 16 11 -6 -14 -8 10 -11 -7 -1 9 -3 14 -10 16 -11 -16 -9 6 8 -14 13
10 -4 14 5 -13 0 13 10 -14 7 6 -14 -18 -15 17 -11 -16 8 -15 15 16 -3 14 17 -9 13 9 6 -7 16 19 7 15 -11 1 -14 -5 -13 -8 10 -18