37 41
0 -7 9 -4 -19 3 13 -10 -19 20 8 -20 -2 -16 -18 11 -12 -18 -12 5 16 10 -4 -10 -20 15 -1 -8 17 11 -8 -12 17 -5 -8 -18 7 -20 -14 -14 -17
-4 12 18 14 -11 -11 1 18 -17 11 9 -18 8 10 2 3 2 0 17 -2 5 -12 4 -10 20 -4 19 5 -18 -19 11 -10 6 18 -6 -3 16 -19 2 9 -4
12 -15 -19 -17 5 -3 17 -19 -3 -17 -1 -15 13 -12 17 5 0 7 -10 -4 -12 5 -6 -3 16 -4 19 -15 8 -20 -12 13 2 10 -4 -15 -19 3 -18 4 -20
-9 18 2 0 18 -15 -13 14 12 -6 -8 -13 -16 7 14 20 -18 8 -18 0 20 9 -11 9 14 18 19 18 -9 14 1 1 6 -15 -19 7 11 -10 -17 7 5
10 -13 -13 -13 4 19 1 -15 6 5 18 -16 4 -4 -7 14 -12 -1 -11 14 -18 -7 6 -14 13 -17 6 -15 -14 13 17 -9 -9 3 -10 -14 15 18 10 2 -14
13 4 6 -19 19 7 -16 -1 -10 -18 -20 13 -11 8 -13 -13 -14 14 -15 -1 -4 -5 8 -9 14 9 -6 10 11 -19 4 13 -18 -14 20 6 -19 4 -11 12 10
10 -19 5 -18 10 -7 15 19 15 12 8 -11 15 -19 -18 14 10 -8 -10 7 -4 -4 18 13 -2 7 17 0 12 -10 -16 -7 19 3 -3 20 18 -10 18 14 -20
13 9 10 20 7 -20 0 -16 4 6 -16 6 -15 -9 3 18 -7 -20 17 -19 17 -4 -19 -15 13 20 -14 -9 14 8 14 -7 -15 20 -12 2 18 -1 9 1 0
17 3 -12 -12 5 6 -13 2 -3 13 -18 12 11 13 -17 3 -11 16 6 0 -14 9 7 -3 -2 -12 -1 17 -1 19 1 20 5 14 16 5 -5 5 20 -11 8
10 -11 4 20 -2 -14 -15 -5 4 4 10 18 5 -2 0 14 -5 5 5 19 0 -10 -18 10 -3 19 11 1 -2 0 -19 16 10 16 -6 -13 -20 -9 -10 -8 20
3 15 -13 -6 4 17 12 20 19 1 -14 -2 7 17 -19 17 11 16 16 -11 6 -10 -12 -12 -2 -12 6 -16 4 11 -16 10 3 -7 3 -20 -8 8 0 7 14
14 11 -11 -11 16 -16 -18 -16 11 -13 -19 -9 20 15 -17 3 15 10 -1 -7 13 6 5 -4 20 5 3 -13 8 -14 3 1 19 -18 14 0 -12 15 4 11 16
-16 -1 -12 -12 11 14 1 2 -11 20 1 -2 19 5 3 -20 10 4 7 3 5 5 4 5 13 -2 17 -11 12 18 2 -5 -8 -13 -7 12 0 4 -13 0 10
3 2 3 13 -3 -15 18 15 -18 7 -2 -12 -18 -15 2 15 8 4 -6 -11 7 2 19 -7 3 -14 20 -18 -7 -11 -2 -16 -15 0 -15 -19 -12 -18 3 15 7
-5 11 10 -16 -8 5 -15 6 -16 11 12 7 -1 -5 20 -3 -16 19 19 6 4 8 14 12 9 -11 -9 -18 10 -3 15 18 12 -6 -17 -6 -3 7 -17 -3 16
-19 -9 11 -6 8 -16 -9 7 5 3 7 15 3 -5 -7 10 4 16 -6 19 2 -3 -16 -5 13 -10 18 0 15 20 0 -3 -5 -5 -2 4 6 5 -4 13 -16
18 -10 11 20 -9 -20 18 11 -5 -19 -16 7 10 9 -2 17 2 -19 -3 1 16 -18 -7 2 7 18 14 -17 8 17 -12 10 5 15 -3 -1 -11 1 -6 -5 4
-3 13 14 -13 19 18 8 12 20 -4 18 -2 4 6 -17 18 9 -18 -8 7 3 -4 -9 -16 11 11 -1 19 -3 2 3 -15 -12 5 -10 -5 -10 5 2 -18 -5
-2 -20 1 16 11 15 -13 18 -17 -2 18 9 2 -16 -13 19 5 14 8 11 -20 -9 19 12 -14 16 -17 16 4 -8 12 -18 -20 17 -5 2 12 15 19 -2 -20
-9 -7 -11 18 -12 6 -15 16 6 -13 3 13 16 19 2 -13 -3 18 -20 0 7 9 -13 -16 2 3 14 20 5 -19 6 -5 14 5 -20 -10 -5 -19 -3 -5 -20
-1 -20 13 2 10 -10 -19 -9 -11 -8 13 -20 15 2 -4 13 11 14 11 -5 -1 1 -15 -4 1 13 1 9 8 10 -2 18 5 -1 1 -14 11 7 -16 -20 -9
-14 -1 -9 -5 9 3 -14 0 -13 0 17 11 -9 18 -5 -10 -17 -5 -5 17 -1 -1 -17 -11 -3 7 -6 18 9 1 11 -18 -3 6 13 -1 0 12 1 14 -1
0 -5 -11 -1 6 -13 7 8 17 5 -15 -11 16 -14 -16 -9 -12 2 14 16 6 -18 -17 -17 -9 -3 14 9 3 7 -20 19 20 5 -5 5 0 -6 9 5 -12
-13 -2 -7 20 -12 -11 -3 18 19 -8 0 -5 -20 -4 -5 -9 15 -8 18 14 -19 -3 12 -16 16 -11 3 -11 3 -13 -10 -6 -18 14 19 1 8 -1 0 16 -18
16 -2 -6 -17 -11 -1 12 0 9 6 -10 -15 14 7 17 6 18 -5 -5 19 -1 -20 -11 -15 17 -3 13 -14 3 -15 4 -1 -9 -13 19 -5 20 -19 -2 -9 -9
2 0 -6 20 -17 -6 12 13 20 -2 17 -7 -10 18 8 7 -9 9 -10 -13 8 0 13 -13 -18 -12 13 -6 -14 -2 8 19 -3 -7 -16 19 -17 -9 -3 -17 9
7 -20 16 7 -18 -9 6 0 2 -18 -14 13 8 -1 -5 -9 -14 -8 12 -8 15 13 1 -10 7 5 14 -3 17 13 -13 9 7 4 20 19 13 4 13 17 -13
-5 17 -16 20 15 -2 4 20 -13 2 2 8 15 -8 -2 20 1 11 -9 -6 8 -18 18 -5 1 -8 -18 -13 -11 -11 -13 -16 2 -2 15 19 13 -17 18 -15 -5
18 -8 -12 1 17 18 -18 12 9 -1 7 -17 9 -16 -17 -15 -6 -2 20 20 20 -2 9 -8 -13 16 15 -7 -11 20 -10 -16 12 -18 -9 3 -12 17 5 -18 10
8 -7 15 14 -3 18 -16 4 -5 -3 13 16 2 12 2 -6 19 13 -10 -3 -19 -9 -14 6 -9 1 17 5 -14 19 14 12 -17 7 10 20 -11 1 -4 12 12
-18 11 -9 -8 -14 7 -10 9 19 -9 10 11 20 1 -3 16 18 -15 0 14 18 16 -4 -10 0 -4 20 8 19 -11 -15 -9 12 4 -17 -7 19 4 13 -6 -20
-6 12 18 -3 12 5 5 -5 16 -14 15 5 13 5 -7 -14 10 1 5 -16 -18 4 -1 0 -12 10 -6 -8 -16 -4 -17 -11 -5 -20 9 3 -4 20 -20 -5 7
-12 -6 17 -1 14 -8 -18 -16 -1 2 -9 15 18 18 -16 -16 -16 11 -20 4 12 -5 -11 -20 -4 -3 0 16 -16 5 13 -6 19 17 16 0 -4 14 7 19 -1
-18 -7 6 12 -10 -17 -10 -18 -15 14 10 -12 -6 -19 -12 10 -8 19 18 4 20 5 -13 -7 -14 -19 -1 -14 14 -14 -8 -8 0 -12 -7 10 -5 6 -14 6 1
10 -14 2 7 -6 -4 12 -7 5 12 15 10 -17 -20 -13 -19 -11 -6 20 -17 -20 16 -4 -16 -3 -7 -12 14 -20 -14 -2 11 14 17 10 -18 -18 -12 8 -11 -16
-3 -16 -20 15 16 6 20 3 -5 -3 -4 -19 7 17 -8 -1 -1 -3 -19 12 11 18 -8 10 8 -1 -8 6 20 -13 -4 14 2 4 -20 5 1 6 -18 -10 8
-4 3 17 -2 -11 -18 -3 17 14 -10 19 -5 7 -3 -8 16 -12 15 -8 4 0 -17 -14 8 -5 5 2 17 -20 13 -14 5 -20 15 11 17 -16 -1 -11 9 15