37 41
14 11 -11 -19 -6 -12 -12 10 -13 19 -16 -18 16 -1 0 3 -2 1 17 -20 -17 -13 9 9 -1 -10 19 -16 -16 -3 15 -9 19 -15 -10 -1 8 6 2 8 -17
-8 14 6 -16 7 -5 19 -2 -12 -17 -14 -16 -9 -11 -3 -8 3 -10 5 0 -6 -20 -12 13 14 -20 -14 5 -17 0 -14 -8 2 -8 14 19 20 -2 -6 -8 -14
11 9 -19 17 0 7 3 -7 7 -1 -20 6 -11 7 -3 -18 1 -5 12 -4 20 15 -18 0 -15 9 -14 4 17 -1 -16 -4 15 -16 -7 10 -19 8 -14 -7 9
-15 -5 18 -13 12 12 -18 3 -2 -17 -10 1 -8 1 13 -8 -6 -16 -12 11 4 -10 -18 -16 -7 20 10 2 -13 -14 18 6 17 13 -13 -17 9 -13 -20 12 -20
-11 19 15 2 -12 17 15 1 15 -2 -6 -10 12 12 -14 -14 -11 2 13 -13 -1 4 -11 -9 7 -15 -2 18 2 -18 -7 -13 -10 -17 -20 -6 -3 7 -2 14 19
-11 -17 0 10 -4 -16 -11 -9 2 -13 -7 0 4 -4 0 20 -16 2 10 -17 16 0 -20 -7 9 -8 5 -16 11 -15 -16 20 8 -2 4 9 10 -5 3 -16 -7
-12 -1 4 -20 20 -13 -18 -15 -13 -3 -20 20 -16 12 -4 10 2 -1 16 14 0 -14 2 17 -14 6 4 1 17 -16 13 8 -1 15 -8 18 13 14 9 4 12
-15 -7 -16 5 6 -4 -16 17 -7 -3 15 19 20 0 -1 10 -3 8 13 2 -4 11 6 -15 15 -7 -15 -15 -20 9 -14 20 20 2 11 17 -12 -10 19 0 12
-10 -5 16 4 -15 -15 -2 18 9 0 -17 5 7 15 10 -1 -18 9 -2 -13 16 0 15 -18 16 6 3 -16 8 -9 -3 -14 -9 -11 -14 7 10 -16 -9 18 -2
-20 -1 -11 9 14 4 15 -7 -15 12 5 0 13 2 -13 -7 13 19 2 11 14 -5 11 -7 10 8 -8 -13 1 5 8 6 11 -10 -19 -17 18 6 -5 10 1
3 13 11 -19 -19 19 -11 20 3 4 -20 9 -2 2 13 3 19 -16 12 8 4 14 -15 2 20 -15 -13 6 15 -2 16 13 -13 -17 18 -5 -17 -10 12 -16 -18
9 -4 -8 15 1 -6 20 -11 10 0 -1 13 -10 -10 18 -20 -14 -15 8 -19 0 5 8 4 -15 -20 9 3 13 -6 2 17 5 -13 16 -4 -8 3 -17 0 15
16 13 17 -17 14 -18 15 1 7 2 -20 -18 19 -13 -6 -16 4 -19 9 16 6 11 -5 -3 16 16 3 0 10 -20 -8 -6 1 -17 -19 -6 -1 -20 -2 6 -9
14 -20 -8 15 -20 2 -12 12 8 20 -6 -19 7 -7 9 -17 -5 15 0 -15 11 -6 6 -4 14 -5 -9 4 -15 -15 19 -10 5 19 -8 1 15 -19 -16 14 -15
-11 -2 1 -12 15 19 7 2 8 -10 -20 -13 -12 14 -16 -11 -16 -1 -17 -8 -11 10 -4 17 11 -7 19 3 17 13 -9 0 11 18 2 2 -16 16 6 10 15
7 -9 10 6 -18 16 -11 -18 -4 -11 -19 17 1 -15 -10 -20 2 -10 -15 -12 2 11 11 -3 20 -2 2 -11 -13 -18 5 10 1 -9 -4 -12 -18 -11 5 -15 1
17 11 -2 -2 -13 18 19 15 5 6 -15 13 -18 14 17 -14 -18 -6 -2 14 15 -4 -2 0 14 -8 -4 12 0 16 7 5 -15 -19 3 6 14 1 -15 -5 -8
7 -8 6 -1 -18 2 5 12 14 8 -18 12 19 -3 -1 -13 3 20 9 15 6 -18 13 0 -5 8 13 18 4 8 -17 -13 -8 12 4 -5 -15 13 -4 -13 -9
-9 -10 -5 -8 13 -1 16 4 -19 -7 16 -1 20 1 -10 -5 -13 13 -3 13 -1 -6 -12 4 8 7 13 14 -9 15 14 12 -7 2 9 13 3 4 4 -4 5
-6 -20 5 13 -20 3 5 18 -7 10 18 -1 13 -12 19 3 18 -4 18 -11 17 14 14 -12 19 -17 3 10 2 14 12 -18 13 20 -16 15 10 6 -13 18 -12
8 -5 0 -1 7 5 -14 15 15 0 10 -8 9 20 19 8 6 10 18 0 -2 -7 -8 -1 -5 -2 4 -19 -7 -19 9 -2 -10 -4 -13 -3 -19 -18 19 9 9
-3 -20 -8 10 -18 12 5 17 1 16 -15 -2 13 -16 -7 3 -16 -3 -19 14 0 -5 -10 -6 17 8 -3 -12 16 -12 -4 8 -19 5 16 20 1 -11 -12 3 -4
-3 -1 -16 8 14 10 7 -1 -16 18 11 0 11 16 -15 0 14 -2 11 -5 -16 9 4 -1 10 -5 19 -3 -11 -2 -10 -16 -14 9 7 -16 16 15 -8 11 -1
-13 -9 2 7 -1 3 -15 -9 -14 -5 12 13 8 8 -8 -7 9 1 4 -16 10 -10 4 -6 -10 1 -18 18 19 13 0 -12 -6 -8 18 -13 11 -5 11 10 15
-9 18 -14 -7 5 -14 -17 -7 16 1 14 5 -15 -14 -20 10 -14 7 1 -12 19 16 -14 -6 3 16 11 -7 -8 18 17 -16 -15 -7 5 -15 -9 14 -15 13 -17
9 8 15 -16 -9 14 16 18 -12 -9 19 2 4 -4 13 -18 -9 17 7 -11 -8 11 -15 -20 -13 12 -16 16 -9 -17 -9 14 3 11 20 -19 6 -5 7 -12 -8
15 -10 17 14 -19 8 3 16 14 19 -8 18 2 19 -13 20 12 2 -20 -18 -18 14 -5 -3 6 14 14 -8 0 16 -12 -3 -2 12 2 11 13 -2 11 -20 7
-1 -19 17 2 -4 -5 -12 -19 14 -19 5 10 20 -10 18 15 -19 16 2 -11 -9 8 -6 8 -7 12 18 17 -4 17 19 -10 15 -1 -7 4 2 -15 10 7 -17
-12 19 -19 3 -11 17 18 -8 -10 6 -19 -6 -17 -7 0 16 10 -14 -3 10 -3 -2 9 1 7 -8 -7 16 12 -2 11 13 -13 -13 -6 -15 -20 4 12 14 -7
-7 19 20 10 -6 15 -4 10 1 8 18 9 18 -19 -20 20 -4 -10 0 -13 -14 0 0 6 -5 -12 16 -13 17 -5 -2 -14 -7 -4 8 -12 20 -13 -18 -18 -19
18 2 -10 -16 -5 -7 10 -11 9 4 12 -1 5 -16 9 8 -15 10 -15 7 -18 2 -8 -7 -18 -10 15 -14 5 -14 10 7 -17 -5 16 -18 8 20 2 -7 10
-15 11 2 -6 11 16 -5 2 -5 13 20 -3 9 -9 6 -14 20 -14 -20 -1 18 -3 9 -1 -12 -12 -5 -2 20 -8 -9 5 -12 -3 14 15 0 -6 -17 17 16
-4 2 5 -5 -15 5 -16 12 -16 -18 6 -8 -6 -6 -14 7 -3 -11 9 -18 -13 4 -20 4 17 11 -2 -18 -3 17 7 15 12 5 -14 9 -1 7 2 -15 20
14 -16 16 -6 -1 12 -16 -1 13 -12 19 -6 1 -16 18 -1 -6 4 -16 3 14 -10 19 20 -16 4 16 -18 -12 -9 -12 2 20 0 -7 17 -19 -8 -12 6 19
18 -16 -12 -11 -14 -17 13 4 -6 15 12 14 -10 1 -15 -13 19 -8 15 -11 15 11 4 17 7 -10 20 -9 -5 12 -15 -5 3 0 7 13 -11 -11 16 -6 8
-13 -15 -18 15 8 -15 -7 12 13 -2 -12 -8 -14 -1 -10 5 20 -17 -13 -17 16 -4 19 -20 6 17 -20 12 -9 -19 -5 4 13 -17 -19 2 -2 -9 -3 -13 10
-2 -1 -15 -19 -14 3 -11 -1 -20 -5 8 -10 2 4 6 -20 -19 -15 9 -19 -12 16 -9 -17 -10 -7 11 0 0 0 0 -16 14 -11 -16 13 3 1 10 -4 -2