37 41
1 5 -17 -13 13 8 -5 -10 -6 16 -12 -3 -6 19 2 -2 -8 -14 -9 -3 -20 -5 -9 5 17 -16 -4 -6 2 5 -18 -8 -20 1 10 18 6 1 2 -16 -14
17 -11 16 20 12 12 -7 17 2 5 -7 -3 9 9 18 7 8 6 -4 -10 3 -5 -12 5 6 -6 14 -14 0 -14 18 5 -15 -20 16 -17 1 -20 1 -18 5
-14 18 7 -1 -10 -14 1 2 20 10 0 8 -14 11 6 -11 7 -19 -11 1 -2 14 -12 5 -4 12 9 6 -19 -15 -7 11 -8 19 -17 -14 -10 -11 13 15 -2
15 -10 9 -1 7 15 -11 -17 2 -2 8 0 15 11 -18 11 4 -18 5 14 -13 -19 5 -5 -1 17 6 0 -3 2 -8 4 -2 -12 15 -11 -15 -20 4 -4 -13
-12 -20 15 -3 9 -3 6 6 2 16 5 -14 -1 -12 -20 -15 7 20 13 -16 4 -19 14 9 -17 11 -10 14 15 -1 2 -1 -9 -7 -7 -17 -4 -9 -11 -20 12
-7 2 16 -18 5 -16 7 2 12 5 19 15 9 19 -8 6 -13 12 -10 -7 -15 -12 10 12 -7 20 -3 11 18 -14 -20 -14 -8 8 19 18 -6 9 -17 -6 -9
-7 -7 6 6 20 2 -20 -16 -9 -9 -1 10 -11 8 -9 -7 -7 -9 -6 -11 7 14 12 -3 11 -5 1 15 -1 -18 20 3 -3 -7 -13 5 -12 -13 -17 9 10
15 -2 2 -3 -14 8 -10 -13 -13 9 8 -18 -10 2 2 -2 5 -17 -2 11 2 -7 -7 2 -9 -5 6 10 0 5 -11 -7 -14 5 -9 -11 15 -7 -3 -13 4
-12 -11 -1 1 -19 -8 -19 17 6 3 0 -17 -18 15 -18 -10 -17 -17 -18 -7 -14 5 -9 19 1 9 -7 -1 9 7 -5 -10 4 1 4 18 -3 -19 -11 17 16
6 18 -15 -5 -17 -12 -13 -8 -12 10 11 -15 5 -4 9 -9 11 13 13 -18 -18 -15 -18 -4 8 -1 -17 -1 0 10 -4 -17 11 -4 -19 8 -2 -6 -7 -2 -9
6 -8 -18 1 -9 5 -16 -11 -19 14 -16 17 4 -20 -9 -12 2 1 6 6 -3 -16 -11 14 12 11 11 14 -3 -17 -20 0 17 -1 -9 -16 2 13 -6 -17 -13
17 -4 13 1 -11 12 -17 17 4 -8 9 -13 -6 0 9 -11 3 -1 -13 16 6 2 16 -20 -19 18 9 2 -18 16 5 13 -1 13 -12 0 -2 -7 -8 -19 -18
-17 10 -13 -5 11 -4 1 10 16 -7 -15 13 15 3 4 -15 -20 -12 11 -15 -17 -16 0 6 10 13 0 -16 7 -15 13 -5 -7 3 -2 4 -8 18 7 12 -9
-18 -19 20 0 -14 -7 -17 -7 20 15 -20 19 -4 16 15 -9 -6 -13 -5 4 -20 3 -5 3 -8 -13 -11 -18 -7 -7 9 4 10 -9 4 13 -5 15 3 -12 -14
16 -10 -11 -16 -17 -2 -13 2 1 -18 9 -1 -20 13 17 -17 -2 -15 8 -14 8 -12 11 -11 -11 -1 8 -18 9 18 -9 -20 -13 -12 -6 12 -3 -13 11 -12 -17
-7 -17 -16 14 6 1 -6 -14 -12 -9 4 -9 -12 1 -4 12 -14 -19 3 -11 18 -8 -12 2 -3 -8 9 17 -13 -7 -7 8 -6 -2 -1 0 19 16 3 3 20
-3 -16 7 -7 6 -10 6 15 8 10 19 4 6 -20 9 -11 20 7 -2 0 -4 18 -15 10 -7 17 -19 3 -6 19 3 11 4 16 -19 -7 -10 -9 -8 -20 15
-7 -12 -14 18 -8 10 20 -14 20 -8 0 2 -9 1 -11 -11 -14 15 19 10 15 -17 -1 10 8 2 -10 -18 -4 -18 0 18 -19 20 -20 -2 13 17 -18 14 0
6 11 -12 1 20 18 0 -19 20 -17 8 -20 -5 15 0 -6 -8 17 -7 -7 -18 0 -5 5 6 14 -20 -1 5 4 -11 -20 3 -12 -11 -11 2 -13 6 1 20
-12 -7 -5 12 -3 9 -17 -4 14 -18 17 14 -16 -14 -19 3 -12 5 18 -11 -12 5 -5 3 4 18 19 17 7 -14 -13 -8 -6 10 -3 16 -2 -9 8 5 14
-18 -4 15 -6 -12 -7 -2 -15 -15 6 20 -2 -15 19 -20 9 17 20 5 15 17 8 -10 16 -20 7 -4 -20 -2 9 1 0 2 -3 0 -2 -13 4 -20 15 -4
11 -5 -3 0 10 -13 -3 -5 3 5 11 -16 -8 -16 -7 7 -11 -1 -9 -16 -19 12 -3 5 10 -16 1 -10 -11 18 -8 -15 -5 -19 -3 -6 -14 18 -9 -14 -5
-20 -14 -3 8 -2 -4 -13 -16 -8 6 -9 14 4 -4 -12 8 -13 -1 -13 6 -20 -13 9 20 -15 15 -5 19 3 -6 -4 17 11 1 17 -2 10 -3 8 -18 1
-16 -7 -7 -5 4 5 15 19 -9 18 16 16 8 -20 -11 19 12 11 -10 11 5 -16 -10 9 7 5 -19 6 0 1 16 -4 -11 5 13 14 -12 14 17 -4 10
18 -1 -4 19 -19 -10 -6 1 13 6 18 12 -18 10 11 3 -15 -14 7 12 -18 18 9 -1 2 1 10 -7 -11 1 11 3 4 2 17 -3 4 14 -18 -9 -5
3 -19 3 -16 20 9 6 -5 11 -14 2 -3 -12 -2 20 3 11 -20 10 16 8 16 15 16 -18 -10 -5 12 3 18 -1 6 -5 -17 -16 12 -8 -17 6 14 10
-1 6 -18 1 14 -13 12 8 -6 18 12 20 -6 -1 9 19 -19 12 -3 17 -9 0 -1 17 7 10 -13 4 19 5 -18 10 -9 17 -10 4 -5 1 9 -13 3
7 12 4 8 -19 -1 -18 11 -13 -9 8 0 -2 6 -14 4 6 20 13 -17 -4 -17 16 1 18 17 6 1 16 -13 -10 3 -10 -15 18 -11 3 -15 19 -1 -1
-15 2 -1 -18 3 10 -3 4 6 16 2 7 20 -7 -17 4 -3 6 20 -10 -5 8 -14 -18 -13 1 -15 -4 -11 8 17 14 -18 18 7 8 2 13 12 -11 18
-15 13 7 20 -3 16 -15 -9 9 18 -6 0 10 4 -16 18 4 -9 7 18 19 12 11 -4 8 -14 5 -4 10 -18 -7 17 -7 -15 12 15 9 -5 10 -8 5
-19 5 20 5 -11 -13 13 -13 -11 -2 9 -11 -19 -20 -18 -8 9 8 5 10 -1 9 -9 6 -16 -12 -17 5 5 5 -2 -1 11 8 1 13 -10 13 19 8 -1
-5 -19 19 15 18 1 -3 20 -19 15 3 5 -8 -7 -17 9 18 5 -18 -7 -6 14 -18 16 -20 19 -3 -5 -11 -13 7 -8 17 -6 -20 9 15 15 15 -15 -3
-16 -10 -20 0 -4 -8 18 16 -6 -13 5 -13 17 -5 -17 -10 -14 9 2 -6 -16 11 18 -18 -4 -17 9 0 11 11 -12 -11 -2 8 -9 -12 -3 19 18 12 -3
4 -10 -16 -1 4 -19 -11 12 -6 -19 -18 -5 5 2 6 -17 9 -6 2 -2 -8 15 -1 1 9 -6 1 2 11 -13 2 18 9 7 7 13 18 0 -19 -2 8
-15 17 -5 6 -5 -19 -14 11 8 -11 -5 -20 -10 -12 0 -8 -5 16 -17 8 12 -9 -10 -2 -13 -7 8 11 3 -15 -20 -16 -6 3 -18 8 6 2 -8 -19 -14
14 12 15 11 4 11 -14 -9 5 -18 4 -3 14 -15 -15 4 12 -4 -10 -16 16 19 0 -14 3 -12 5 8 -1 18 20 1 19 -15 -3 10 -17 -19 -10 1 -7
20 18 12 15 0 19 1 18 3 -14 15 1 -4 3 -3 18 -13 18 4 -3 -7 18 5 -1 8 -13 -4 -3 -1 20 -3 6 -17 3 5 18 -2 16 16 -13 12