37 41
-2 -15 20 -7 -2 3 3 4 17 4 4 -18 6 -13 -19 -8 -1 -4 -6 5 8 6 -8 16 19 -8 -8 13 -15 1 -1 6 -15 -4 12 20 -15 -1 5 16 4
-14 -19 4 -3 -8 3 -17 -9 20 7 -13 -18 -6 -18 -17 20 -5 16 13 0 19 -19 -5 -10 1 7 -20 -15 -4 13 -2 17 18 4 20 -14 20 -6 -16 -1 19
-1 5 20 18 5 -20 5 -5 -2 -6 8 7 -5 -5 8 17 -11 -16 19 0 -6 18 -3 -17 18 18 14 2 -9 11 -11 -4 5 8 -2 12 17 2 -16 -19 -7
3 20 9 9 -16 -2 13 -7 -12 8 11 -6 -12 -18 5 -15 9 15 -18 -20 19 -16 -11 20 20 -19 -19 5 18 3 3 17 -20 -19 9 -4 -7 -2 11 -6 -19
-14 -2 19 -8 11 12 9 -14 -18 15 2 -3 -18 -4 16 -18 -5 19 -16 10 -8 -5 -19 4 19 9 18 7 -13 -19 -10 5 2 20 -14 -19 12 4 -11 -12 -16
-4 -13 -13 -6 -8 4 13 -4 18 2 13 6 15 -11 -3 13 -2 -11 5 1 -4 -11 11 16 -2 -2 -5 -7 -9 16 -3 10 -9 9 1 8 16 14 -18 5 12
-20 -1 16 9 -3 -15 -11 -13 1 -18 -9 12 19 -19 -8 -18 -4 -20 -2 9 -20 -10 18 -11 9 -5 -11 -14 14 -9 -9 19 -11 0 -11 -19 5 -1 -6 -7 -8
-18 7 -2 1 16 14 9 -8 12 4 -11 13 15 -14 -18 -9 7 10 11 -7 6 -8 -11 11 1 -15 -16 4 12 3 -15 1 -9 7 0 -17 11 -1 -2 -5 -19
-19 -17 -15 15 2 0 12 10 20 16 -20 -5 16 -12 19 -13 -1 5 15 9 16 4 -6 -20 18 -4 3 -4 1 14 13 20 -19 -14 11 19 -3 -16 2 -6 10
-15 -1 -5 -4 -13 3 -16 0 8 -19 -17 -16 -7 16 3 2 -5 -7 17 -5 9 6 -1 5 18 -7 13 10 5 2 17 -14 5 -19 16 -6 0 7 -1 4 1
16 13 -17 2 -2 -4 -16 -7 17 10 -9 -6 11 -20 0 8 19 -7 2 -19 -18 -7 20 18 -16 -19 -2 14 -9 5 -6 -18 11 12 9 14 -5 16 -12 9 6
1 -13 -16 -3 10 -17 -14 15 -1 7 20 -20 18 -3 5 12 -7 15 -16 7 -3 14 -13 15 13 -11 6 -10 -16 -7 -2 -14 -19 5 9 8 -19 1 20 12 17
7 1 15 9 18 -6 18 -19 -13 -6 8 -1 14 14 11 20 18 -12 -6 8 20 -16 -10 7 -2 -10 -18 16 9 -20 6 19 -13 -13 16 0 -14 4 -4 -11 11
-2 -14 18 3 -6 -18 -7 -14 -14 5 -5 4 17 9 -6 -1 5 -3 -6 18 8 4 10 -8 -16 -9 6 -5 -8 2 -8 -20 -6 3 -11 -18 -5 18 18 -5 2
12 1 5 -13 16 -15 5 7 -7 1 -18 4 -11 -8 11 6 -6 2 -19 -20 -11 -11 -12 14 5 2 -3 18 -20 -5 0 3 9 -4 3 10 -1 15 5 -15 9
13 1 -9 -6 -11 -1 -12 4 17 -20 0 9 -3 -5 -9 20 -2 2 -5 14 -7 -14 4 13 -16 1 -8 4 -5 10 13 9 20 -8 -11 11 18 -14 8 -5 -5
-10 10 -17 14 -13 -14 -11 16 -8 13 12 20 20 18 -19 16 -7 -19 -13 -11 -2 -13 7 20 2 -18 12 -3 7 19 -6 7 13 -12 5 -4 -11 4 10 5 16
-12 -8 -10 -2 -7 4 12 5 -10 0 0 5 4 -14 20 3 -9 -3 -15 8 9 7 -17 -4 12 -2 -20 2 3 7 20 5 3 1 -13 13 2 1 -14 10 2
11 16 -16 17 -10 -2 2 -10 -7 -11 1 -1 15 8 14 20 -5 -9 -20 9 -6 -8 18 0 18 11 16 -5 -2 7 -5 -13 7 -16 -16 -20 0 12 -8 10 1
-5 -4 -6 -12 -17 -7 -3 -17 12 -18 16 -19 12 1 8 8 -4 -1 -4 -14 13 -19 12 -1 -2 -20 11 6 -1 -1 9 0 -2 -20 3 -2 -4 18 -11 -6 -14
19 -20 -10 -5 13 19 -19 -19 10 9 19 -14 -2 8 -10 -19 7 12 -17 -10 0 19 -7 -5 2 -14 -1 -14 -10 -1 8 -5 -10 14 -19 19 -11 20 4 15 -13
12 -7 7 12 -5 -3 12 -16 10 -7 -17 -16 -9 3 10 14 -8 11 14 16 5 -20 -20 -8 -4 -1 16 20 2 16 2 13 7 -14 -8 -5 20 9 -16 -12 -15
-10 -20 3 -2 -19 1 -8 17 14 -7 3 -13 -13 -14 3 12 15 2 -16 7 -6 2 3 16 19 6 1 7 1 4 -1 -16 -13 9 13 -8 0 1 3 -13 15
15 15 9 -3 -13 -3 20 -14 -5 -4 -3 -5 -9 7 -17 -3 -17 -13 -12 -12 20 -8 15 18 17 -17 7 -11 7 5 -9 -11 -18 -3 13 -17 2 -7 -15 -2 13
-5 0 -14 -11 8 6 -9 -8 8 -9 17 -3 6 5 -7 -14 10 6 8 -18 11 3 -8 -19 1 5 -11 -14 17 -13 18 -19 15 8 -19 10 0 -13 1 -9 -13
19 -7 0 19 -5 16 -16 13 -16 4 0 17 -7 -2 6 -11 -6 -1 9 -10 14 6 -9 -9 18 15 6 16 1 5 14 8 -13 -5 5 -9 15 3 -1 10 -17
-1 -5 -2 19 -2 12 -18 -5 -6 7 13 -3 5 4 7 -15 8 20 9 13 6 -20 20 -3 -2 -8 -15 -7 -17 -6 2 0 -16 2 8 12 4 -2 -2 -2 -1
-18 -14 12 4 -10 -1 -18 2 20 -18 -17 -4 15 -14 17 -16 -4 -19 12 -6 12 -11 -18 -4 -14 -15 3 -14 3 8 -5 -20 -9 18 12 3 14 10 -2 15 10
-13 0 2 -17 12 8 -1 18 14 20 -16 -17 11 13 -15 -1 -9 15 17 1 17 4 -8 15 -13 3 3 12 -11 13 -7 -12 -9 -16 -6 -10 -2 8 -6 -17 -14
1 -6 14 9 12 0 -4 4 -7 15 3 14 14 16 -4 11 -20 0 19 6 8 9 0 6 -14 -5 -20 0 -11 16 8 13 -10 7 -16 18 14 20 -14 -3 13
-9 18 5 -11 -18 3 -3 8 18 18 15 4 -3 5 -10 5 11 -16 -8 -10 1 20 7 19 18 -18 7 -9 17 -3 -4 -6 -17 18 -5 -18 12 11 6 20 2
-4 -19 -19 12 -4 6 -18 9 3 -6 -6 -2 -4 12 -4 -10 -10 -11 4 -9 -1 -16 15 7 -13 -8 16 13 -6 4 8 14 -15 18 -5 -20 10 1 19 18 2
-9 7 13 -7 -13 2 0 -12 -12 17 -4 14 18 13 -19 -14 11 20 -11 -2 14 -5 9 16 13 18 -2 6 19 -18 -6 14 -15 -11 -20 -3 -5 19 -3 6 -8
-10 9 -15 20 -20 12 -20 8 14 3 -13 -11 0 -16 -10 -11 -15 -12 8 4 3 -10 -13 5 16 13 -1 14 2 3 6 -18 -9 12 20 -1 17 12 7 -6 -20
2 17 -7 -15 5 -1 -7 -15 7 10 13 -12 -13 1 17 10 13 -2 16 4 8 14 8 -4 -4 1 -12 2 -1 -17 0 15 -6 -2 -17 -16 6 18 -6 2 -18
14 -10 -17 -7 6 3 -16 12 15 -19 1 -8 5 10 -18 15 14 -5 6 20 7 -18 -10 -19 1 -5 -15 13 19 -16 -19 6 3 8 -7 7 -18 -1 6 20 -2
3 6 7 4 -3 18 2 10 1 -10 -9 -17 10 -5 -17 -18 -4 3 -3 11 -9 18 16 -18 2 20 0 -15 -9 -19 -12 2 3 7 -6 17 1 -9 -8 -5 -8