37 41
-18 18 5 -9 -4 -1 7 -2 1 8 -14 -16 -11 -7 16 -11 13 -20 -6 10 -14 0 0 10 -1 4 -2 10 -6 -20 20 20 11 -10 13 -1 3 -6 -6 -20 6
16 -1 2 -15 -2 -8 -2 5 9 -17 11 14 -13 -12 -2 -16 1 -2 9 -10 -2 5 8 -12 -13 5 15 -20 17 14 -19 20 -3 -2 -12 10 8 -5 -12 2 4
2 -16 -9 18 18 11 7 -20 5 -5 4 19 15 8 -20 -2 -3 20 16 16 9 5 12 -2 -5 -20 -18 14 -19 0 1 1 4 -4 17 0 19 2 8 -3 -1
15 -17 -16 19 -4 -8 20 14 3 -7 -16 18 11 12 -9 2 -18 -5 -5 -20 -15 -1 -12 -15 3 -14 -17 -12 17 17 -10 4 -8 5 -12 -20 -3 -7 -6 -10 14
-4 -7 0 -2 16 -18 18 13 6 -15 13 -15 -8 5 19 -17 13 18 11 5 20 3 17 -2 -3 -5 -1 -16 -17 -18 -12 -5 -15 -8 -14 -5 -14 14 17 -14 9
2 -6 8 9 -16 9 6 0 -13 18 17 17 -14 -6 1 -4 -5 -12 12 16 18 -16 18 -19 -19 8 -3 9 17 10 16 19 -9 16 -9 10 -1 -9 10 5 18
0 2 -12 6 20 8 18 19 -12 17 17 -13 -9 5 -4 0 -7 -9 -14 17 0 -18 3 -11 -12 9 18 17 -16 -9 -1 12 -10 15 3 18 7 10 11 18 18
5 20 16 -20 -4 -6 -20 -16 16 8 14 -11 -3 13 -18 6 -7 -7 12 15 18 16 -4 -8 -14 -8 14 -12 -14 17 5 16 5 17 19 -14 -18 18 -15 7 -6
-14 1 -17 -16 -15 2 -14 19 17 4 -20 -13 -13 3 -20 -16 -2 9 -11 3 7 -7 -4 4 -12 6 -9 -12 -3 -14 5 -2 19 9 2 11 -4 8 3 -18 6
-20 17 5 -7 19 -19 16 -20 0 -19 9 1 10 -2 3 19 19 18 10 -16 -13 20 -11 -7 18 14 -6 -4 15 17 8 7 11 4 20 -11 -11 -18 -3 -1 -13
-11 13 -8 3 -3 0 3 8 7 -18 -2 -12 3 -8 -20 -8 -13 16 -14 -3 -2 -8 -20 -7 6 9 -11 9 20 -10 -12 -4 8 -6 16 -17 5 15 5 -7 13
15 3 5 -2 16 -7 -9 -3 10 15 16 0 -6 2 2 4 -3 9 -5 8 -12 13 -12 12 -2 -10 9 -11 -18 20 -5 -15 -7 8 -2 4 -2 14 -15 1 -15
12 -6 -15 -9 15 16 -2 -16 4 12 -10 20 6 -13 -16 8 1 -8 20 19 16 13 10 19 -4 -13 16 2 -19 7 -14 -11 -9 18 -20 13 -10 -18 17 7 0
-15 -9 16 -18 5 15 14 -5 16 16 20 6 -4 -18 -15 -11 0 -6 2 -9 -15 -10 2 -1 -8 -13 -14 -17 -14 9 0 -9 0 -9 -6 -5 4 9 7 11 -12
-13 4 19 -4 13 -5 9 19 -7 -16 1 9 16 17 5 15 16 16 10 18 3 0 -17 12 -6 20 6 -6 -1 19 -1 8 -8 -15 4 -19 -5 9 11 -13 16
-14 5 -10 4 12 -8 -6 5 -15 -20 -14 15 -8 5 -15 16 8 -8 20 -1 15 -3 -11 20 10 -12 -12 1 -2 -11 18 2 -17 4 -14 -4 3 12 -15 -15 6
4 14 -4 -4 -12 -8 -13 7 -1 16 6 11 7 11 -15 -17 -5 -12 8 -5 -1 5 -18 7 -20 -15 -9 0 1 15 -12 14 4 13 20 -6 -1 -3 20 0 -15
-18 -7 -13 3 19 -9 -2 12 12 -14 5 20 -3 -13 -4 -11 8 8 16 5 -13 -20 13 -5 11 2 2 8 -1 19 16 10 17 -8 -9 -5 16 15 7 -6 3
7 -7 -16 16 12 -2 19 -10 16 -9 17 6 -20 -1 14 13 7 9 -13 18 0 7 17 5 8 11 -16 -19 -20 8 -1 -7 14 -7 -2 -6 -8 -15 7 -15 10
13 -5 17 -15 0 6 -1 -5 9 18 19 20 -13 3 -9 13 -18 0 0 3 -1 16 10 -15 -13 -6 0 -13 -10 0 17 19 -7 -20 -13 -18 -9 4 -15 20 15
-11 16 13 -18 19 -5 6 -10 -19 -18 12 4 12 4 -16 17 -4 5 17 14 -2 3 17 4 -3 1 12 10 7 7 -3 7 0 9 -5 -14 -6 -16 7 4 -10
4 -15 3 -11 1 15 10 -9 12 14 8 -20 12 -10 14 19 -18 7 -17 -12 16 15 -11 -16 15 -15 20 16 4 5 -14 10 -19 -7 -8 20 -15 -20 -16 -12 3
-15 -15 9 9 13 -12 10 0 2 -18 19 11 -3 -4 13 14 -9 4 -6 1 6 -18 0 -17 13 -12 -13 -4 -8 -18 -14 -1 15 -20 -20 6 4 2 5 5 0
-10 -6 12 8 4 -2 7 -7 3 5 -7 7 9 -5 14 14 -20 7 4 17 20 0 8 -15 -10 17 -18 -19 10 -17 6 20 -10 1 -2 -2 -4 -13 -14 1 -3
7 19 -14 11 -11 5 -13 -5 13 11 2 16 -2 14 -11 6 -14 -7 20 -18 -7 6 18 -7 17 -16 5 -17 -15 3 -9 -4 -13 -20 17 -19 -7 1 11 -15 -8
-6 17 -16 -18 -15 -15 16 -17 2 -12 19 -12 -18 -1 17 1 7 4 -2 18 -14 -3 -4 6 -18 -13 -11 -18 17 6 18 -3 13 11 -3 3 -10 -20 -20 3 10
14 10 -19 6 -15 20 15 -13 -6 -16 4 6 8 10 -1 -18 -15 5 7 14 -14 4 0 -6 2 10 14 -14 7 9 -16 5 -6 19 -18 -15 -12 12 4 1 15
-18 10 16 20 5 5 16 17 4 -17 2 11 -16 -18 -12 -9 13 14 -10 15 11 16 -14 7 3 18 19 12 -8 16 -18 6 -13 -13 -19 9 -14 14 -20 -4 -6
-16 -7 12 11 -5 -9 1 -6 -11 10 17 -12 -16 0 -13 20 14 -16 -17 7 8 -5 17 -14 3 -15 -20 -3 -19 -1 2 8 -14 3 18 8 5 -15 -20 16 -18
10 5 -9 5 14 0 -18 1 5 2 -17 0 13 1 4 13 4 -20 -4 -10 0 14 -17 -14 20 2 11 -10 1 19 -18 14 8 12 11 2 17 -1 -11 14 -12
-3 -18 -15 -11 -12 -12 14 -1 -2 -17 0 3 -5 5 -8 -12 3 -10 -14 -5 -8 0 20 1 -3 9 -18 8 -18 20 -2 -4 18 -6 8 3 3 2 -4 -7 13
-15 12 -6 -13 6 -20 -16 17 17 15 -15 13 19 -17 17 -6 -6 -12 -13 1 -3 -2 12 4 -20 13 18 3 20 6 3 4 8 6 20 3 6 -1 2 -5 8
7 -15 -9 17 11 -16 19 -15 -4 2 -20 -3 -14 11 -6 19 19 17 17 -15 -15 -10 -18 -6 7 -10 2 11 11 -18 1 2 6 4 18 -13 16 -7 -14 -8 -10
19 1 -9 4 3 6 -4 15 -17 -17 1 -17 18 -2 -19 17 2 -9 -15 20 -17 -6 -14 -5 -19 19 -9 7 -4 -2 3 -15 8 -9 18 -9 -17 18 -6 -11 -15
7 -11 -12 -17 14 -9 -8 -9 11 10 18 -15 13 -11 -13 -12 -14 11 -5 -17 -14 -5 -20 -11 7 14 -19 14 -3 12 11 -8 13 16 -19 12 -1 -19 -11 -3 -12
-2 -14 20 -1 -14 -3 -17 7 4 -16 -7 -2 6 -5 4 6 5 19 1 7 0 -6 8 -20 8 -18 -18 19 20 -1 2 -12 18 4 6 7 -3 11 -9 -16 -14
0 -10 1 20 2 14 -20 14 12 -12 -8 -20 9 2 6 4 9 -12 -13 15 -12 17 -3 16 -16 -10 -3 -11 19 -15 -3 -3 10 18 2 19 -4 17 -20 -14 7