37 41
19 2 9 -8 -15 14 0 -14 -7 -3 7 5 1 2 8 6 15 14 8 -14 9 19 5 13 15 -14 -12 15 -20 -2 -6 19 -7 7 2 15 4 -2 -9 8 7
11 12 16 7 5 12 -11 20 16 18 -11 -20 20 12 -12 -14 9 -5 -4 -9 18 0 -5 -17 -9 9 -12 -20 10 9 18 -4 -1 10 10 -18 6 11 16 -18 -18
-13 -10 -3 -1 -16 -19 9 19 8 -9 -11 -4 10 -8 -17 19 -8 3 20 20 6 -7 -1 17 8 7 17 5 -15 -18 2 3 -19 7 6 5 4 -12 -11 -3 17
-11 -20 7 -19 2 6 17 8 11 -17 -10 -20 1 -12 1 14 -3 2 4 19 -1 3 18 -2 -13 16 4 3 -4 4 0 13 -13 -11 -8 10 20 16 12 5 19
-7 11 -14 -2 9 -18 13 17 7 10 11 5 16 -9 -3 6 9 17 -12 6 0 3 -19 20 -16 15 -20 -5 0 -18 -8 2 20 -19 -8 17 18 -11 -5 6 7
20 1 5 13 -8 20 13 14 4 14 -10 8 -15 12 -20 16 13 -19 1 6 -4 2 -2 11 17 -16 -19 6 19 11 -7 8 -17 -13 -5 19 -20 -10 13 8 -16
20 -10 -11 12 -15 -17 -6 10 14 12 -12 -20 0 -15 5 -12 2 -7 1 -8 12 -18 2 3 16 14 -14 -18 -20 0 -15 -10 -18 -15 -7 3 17 -17 -8 -12 -17
-12 14 4 -4 5 -20 -19 -6 -5 -3 2 -10 16 -13 -17 -8 -19 -15 7 -16 3 -3 -14 2 15 -20 -16 8 -5 -13 1 -19 -11 20 -12 11 -11 13 17 4 -17
3 -10 14 -17 -20 15 15 20 -8 -8 -10 -17 20 -4 6 -15 1 -20 17 -1 10 -18 15 18 10 -2 14 20 -15 6 0 -20 15 14 11 -18 18 17 -4 2 -2
19 -7 14 9 6 6 15 -11 3 20 -20 11 -10 -16 -19 -14 -1 -7 8 0 -6 -8 10 12 -15 -10 16 -1 17 -15 -10 -12 -3 -8 1 4 2 -7 11 -20 17
-19 6 9 12 -14 7 6 14 -10 -2 -18 -13 -5 -10 8 1 7 -15 17 -15 -5 20 -20 -4 4 -14 17 3 -1 -12 11 -9 5 9 -15 9 1 -1 15 -12 5
-7 14 17 7 -10 -9 -2 -16 15 16 -8 6 14 2 -9 3 13 -12 17 13 -2 -15 13 -4 20 14 -12 4 -12 18 4 0 -20 3 9 -1 7 10 15 17 -20
12 1 19 11 15 15 -11 -10 -16 8 -11 -12 7 13 9 -7 2 6 -14 -17 -18 16 -18 -8 5 -17 -2 0 -19 19 5 13 12 -10 1 14 -10 7 -6 -14 17
5 -16 -14 -4 5 3 19 -9 16 18 2 -16 -8 6 4 15 -11 14 -15 9 12 20 5 7 -8 -17 -19 -2 6 4 -19 -10 2 14 -12 -17 -3 -18 -4 -15 9
-17 10 16 16 4 20 1 6 -7 -10 -15 -1 -15 7 5 -8 -15 -3 9 5 13 9 0 -14 3 10 13 14 -16 -18 4 14 6 16 7 2 7 14 -16 20 2
18 -1 6 14 -13 4 -20 -20 19 11 13 9 -6 8 17 -4 9 -4 19 -15 -11 4 15 3 9 -7 13 11 -18 -20 16 0 -15 -2 -10 -1 -20 1 -9 -2 -6
-4 0 4 -13 4 0 12 -4 20 1 11 10 -7 4 18 7 -3 6 -7 -17 -8 0 -8 -18 -9 -4 7 15 -14 16 17 8 -5 -6 -14 -13 14 12 -7 -15 1
-19 9 10 -11 -2 -7 -9 4 -9 5 -7 14 10 -12 1 -13 -16 6 8 -17 0 -18 4 2 17 16 10 12 7 -4 12 6 10 -12 -6 -5 -15 20 -5 20 6
8 -2 15 10 -6 -14 -3 -11 -18 19 -14 18 3 10 15 1 8 -2 -7 -17 11 8 0 -15 -17 -12 -8 2 -5 -8 6 11 -10 -17 11 -2 -4 -9 4 18 -15
-16 -7 20 18 1 15 1 2 8 9 -3 6 -12 -10 -17 20 7 -11 -9 -11 15 -3 11 -8 -10 -13 -18 12 20 6 -1 3 -6 -15 -10 -5 2 13 19 2 -15
5 19 -8 -11 -3 -2 2 14 -13 -20 18 5 5 -18 -4 12 10 7 -20 19 -2 -8 -16 -7 12 -4 -8 20 16 18 -2 3 -5 -5 -9 0 -8 15 -6 -11 -19
8 3 -3 11 0 10 20 -5 19 -14 5 -17 -2 5 3 -1 -6 1 12 -19 -4 13 10 8 8 -2 6 1 -5 -9 -15 6 -2 -12 9 12 17 16 0 -11 15
5 -15 -2 -20 8 5 -8 10 -10 -12 -8 19 7 16 -11 -15 6 20 5 -8 3 -5 9 2 -1 -10 19 8 -18 20 -17 -17 -12 -18 16 0 16 20 -15 -16 18
17 6 -14 -2 10 9 -15 8 -9 13 -12 -17 -3 11 5 -1 2 13 6 -18 -2 -20 -6 19 9 17 11 -4 18 17 -1 -14 12 4 16 4 19 -3 -20 4 -20
20 -18 -14 18 -1 -7 -12 3 4 -6 -17 15 13 -20 -7 11 -15 -12 17 -12 20 0 -15 -4 11 -13 9 5 -7 -17 -20 -1 19 -7 -13 20 -2 -10 6 5 -10
8 -18 -3 -9 18 -8 3 -16 -5 -4 -17 -19 11 7 -7 13 13 9 15 -5 12 -17 1 -15 -12 -13 8 11 -3 12 9 8 4 6 17 5 3 13 -7 16 -15
18 -7 8 11 20 -13 -4 19 10 -7 12 -20 -20 10 -12 -9 2 1 11 9 15 2 20 16 1 -11 3 -13 -2 17 20 11 -7 8 -2 -4 -20 -9 -5 -17 -4
5 0 -13 -4 -18 11 7 -19 9 12 1 -7 1 -15 15 -3 2 -6 8 2 -11 -14 -1 -15 15 10 -3 16 -18 -16 0 -11 13 -11 -15 -4 -4 -8 17 -17 12
7 -6 -6 2 3 15 13 -3 17 -6 -4 -6 16 14 5 4 4 18 7 0 -19 0 6 17 -20 12 13 18 -20 -5 18 -11 4 20 14 -19 -17 -12 10 -5 11
-3 -11 -5 -20 4 -7 10 12 -8 -16 6 -16 1 -13 20 -8 9 -15 -7 12 19 -3 -9 19 5 -15 19 -5 7 -6 20 -12 17 -14 5 -2 -7 6 -4 17 5
1 -7 -13 -15 7 -7 -14 14 4 -12 6 -5 9 18 -5 13 -11 13 3 -2 15 17 3 18 -2 14 -9 0 5 -8 -14 -11 -20 -20 -8 10 -12 -8 -11 12 1
14 11 10 7 -14 -18 -17 4 -7 0 11 12 -7 1 -14 15 16 15 12 10 9 19 19 -2 0 -6 -3 -14 -11 11 -1 -18 -2 -7 8 -7 4 -20 6 -11 -16
17 -5 19 -11 19 20 19 8 18 -7 -7 -10 -4 -16 -14 17 2 -15 -7 -15 12 -19 -5 13 14 -18 6 14 -9 -1 18 6 0 -5 -16 14 16 4 -3 3 20
-20 -7 14 18 -2 -14 -9 7 13 -12 -8 -5 2 0 0 17 -11 16 19 -18 -18 -19 -8 -17 14 -2 -12 10 4 -7 9 -7 14 20 -16 -19 -6 -14 5 2 -2
-4 17 -18 -11 -16 14 20 15 -17 -3 -3 -18 19 13 -19 8 2 6 -12 3 19 -19 -6 -1 11 -19 8 14 -8 -11 8 0 -10 -10 -2 2 -19 3 -16 17 10
-17 2 -19 -16 -19 -11 3 1 -4 -2 -12 -9 5 7 12 0 -12 -18 -12 4 16 8 3 19 19 -20 11 17 3 6 5 20 16 -5 -1 16 -12 -5 -2 20 -19
-10 10 -19 2 -16 -14 7 6 -9 -2 -19 -14 13 8 -17 -12 1 -10 10 12 -10 -2 -11 0 9 14 1 8 4 -17 19 -1 -18 -3 -7 -13 9 8 3 -14 -6