37 41
-10 4 -20 4 -19 5 -2 19 19 16 -13 -12 19 17 -12 -11 20 17 0 -13 17 0 10 -11 -8 -1 -14 2 -1 5 13 -17 10 13 -11 9 6 19 -3 13 -19
1 -5 7 5 1 1 -15 -19 -5 6 4 10 -1 -8 20 5 0 -11 -5 19 1 -19 1 -13 7 -18 19 -7 0 -19 11 20 -19 5 9 11 -8 -3 15 9 -6
19 -14 20 14 -3 -5 6 17 -11 5 16 -8 7 -15 19 5 -1 16 -18 9 17 0 -17 0 -3 4 3 18 11 11 16 -5 -7 5 8 -5 11 18 -12 17 -9
6 -16 0 -9 20 0 -18 -13 16 -16 -12 3 10 5 -13 19 -3 -20 -5 13 19 0 2 -17 15 10 11 -10 20 0 11 3 17 8 -5 10 -8 13 3 0 1
-15 17 20 2 6 -20 -13 -9 -9 -2 11 2 -4 8 5 -14 4 -18 13 14 12 3 17 -1 -6 19 -18 -16 -19 -17 -14 -13 -14 11 -18 -14 2 -19 12 -6 17
-15 5 5 2 5 -10 16 19 0 -6 -3 -7 1 0 15 -5 18 -7 -16 18 5 -18 11 -3 -11 -4 -8 4 -10 -2 18 9 0 -17 4 -12 7 -9 -12 13 -6
-6 12 2 13 19 -3 -7 -17 9 -9 -20 11 8 -18 -20 -14 9 -19 -4 -4 11 17 2 -6 -7 7 9 3 -2 -9 0 -11 5 7 8 0 -17 -7 -17 8 -3
6 -15 4 -13 -13 -13 13 14 20 -5 9 13 16 9 -20 10 -3 7 15 -2 -9 -9 -14 -16 -12 -17 3 -14 17 10 -3 7 18 -3 2 11 9 14 -7 -12 -15
-19 16 10 -15 15 6 -2 -2 3 -19 15 -9 19 -14 -10 20 -4 6 16 5 -15 2 18 -8 8 -13 20 4 17 -4 4 -4 -2 -9 19 -5 -2 0 9 6 11
18 -11 16 -18 -11 8 -7 1 -18 17 13 18 13 0 8 -4 -18 5 -12 -7 8 6 20 -15 -5 3 3 16 -15 -13 19 -10 -12 12 -10 2 -12 6 -6 -2 -14
20 5 -2 8 -15 -2 -9 9 14 -10 -8 -2 -13 11 -5 -4 -3 -11 9 -7 15 16 -10 -12 -2 7 13 4 20 -12 -16 2 12 -17 16 17 -17 -18 2 4 8
5 4 -18 -18 -13 11 2 8 18 19 5 -7 -2 9 4 -15 -1 -19 20 -19 13 14 18 17 -17 0 17 -14 15 12 -18 16 20 11 15 -8 19 18 -20 4 -8
-16 -11 -11 -9 -7 -7 20 -14 3 0 10 -2 -16 -5 12 -12 1 0 15 -9 8 9 14 10 -8 -3 -19 4 -15 7 -16 17 -2 -17 -4 -18 14 13 -12 -15 19
-18 14 -11 -3 -15 9 4 16 10 -9 -9 5 12 -9 -1 -17 -13 -13 -4 -19 11 1 7 -4 -3 14 -1 2 -2 -7 -1 -12 16 17 15 0 9 -16 -20 11 -9
4 8 19 -19 0 -8 11 -14 11 1 -2 -18 3 -17 -16 1 -1 -17 18 0 -11 -14 -17 -8 -18 -12 20 -4 1 7 -5 -15 19 5 8 19 17 15 1 20 -16
-3 -5 6 -10 8 16 4 14 4 3 -8 12 14 12 8 -5 11 -2 -11 11 8 4 11 2 10 -19 13 12 1 -4 -11 6 -19 -11 1 -19 20 17 1 -9 10
9 -4 6 -16 -7 15 8 -15 0 -18 14 6 11 1 -15 10 -7 -3 -11 17 -5 -7 12 -8 12 -5 -12 14 14 19 -9 17 -17 5 17 -18 5 14 -12 -5 -12
-11 1 20 6 -6 20 13 -4 -10 12 7 -10 7 -1 17 -2 -16 8 0 18 -9 8 -3 -3 -6 -8 -10 1 2 -13 -8 -20 -2 -15 15 -11 -11 -15 -14 7 6
19 -18 13 2 18 -17 20 18 -19 0 4 -15 -19 9 -10 -3 -10 18 -16 7 2 12 16 12 10 6 -3 4 8 -10 12 -19 -17 10 12 0 4 -10 -4 -18 6
-15 3 9 1 -6 -13 1 -6 7 10 13 -17 19 12 -5 -2 -12 7 -19 11 -3 1 -10 8 -7 -7 6 -5 -2 -9 16 10 16 -7 -8 7 17 -11 -7 -14 -11
-8 -15 16 -12 19 -20 14 15 -5 -10 -9 -10 1 -14 6 12 2 5 13 -8 12 -19 -12 -14 -13 13 2 20 -13 -14 -16 -5 -17 9 16 -5 4 11 -20 -16 11
19 -8 11 7 6 7 19 -11 10 -4 3 -17 3 -19 -13 -10 13 4 -18 -20 18 -14 -13 16 -4 4 3 -13 -7 -13 -5 18 -19 -14 20 0 -8 2 6 -20 16
-18 -6 -4 -5 17 19 -14 2 4 -2 -12 10 -11 -20 12 2 18 -17 17 -12 -17 16 -4 -10 -14 -15 13 13 14 19 -3 20 -18 6 -13 -19 17 20 -11 -8 3
19 -14 15 13 19 18 -4 14 10 4 -5 14 -6 13 13 -5 -2 -7 2 -13 -5 8 -11 -20 8 8 -3 -10 -15 -19 -12 -10 20 -18 14 -19 -13 15 10 -18 20
9 10 -4 -17 17 -17 -10 -14 2 -19 7 7 -5 -14 7 -11 -4 19 -14 -4 -1 6 14 5 -12 14 -7 2 -10 -5 -11 18 -6 -7 -8 15 -16 9 16 11 -7
20 -9 2 0 11 4 -9 12 -6 5 6 -12 -13 -3 -16 -3 -13 8 12 -19 -19 -2 6 5 20 8 -14 13 8 11 -17 6 -17 -17 2 -10 -4 -5 -7 3 0
4 -17 -5 -19 16 -16 -18 -14 9 -13 -18 -12 -7 7 -9 6 11 7 -15 -17 -6 -7 -3 11 13 12 -1 9 11 2 -1 17 17 16 -14 19 8 -6 2 -7 14
10 19 -4 -18 15 15 -6 15 -12 5 18 -5 -9 1 19 -8 -9 -11 16 -10 -5 -16 -12 -3 17 -15 -5 9 -5 -14 13 -14 -7 11 2 -9 2 -11 -19 -14 -13
-15 -10 20 -8 13 -10 -15 -20 -19 2 -6 -3 5 7 9 17 16 12 9 -20 9 -14 15 16 1 -14 15 -8 5 -17 -4 -19 -8 -9 10 -18 -20 15 -4 13 -15
-5 -15 16 -9 1 1 20 -8 -18 -2 -6 4 7 13 5 -2 7 -10 -1 -19 12 11 3 -4 -12 18 -5 -1 8 -17 -7 -17 20 -18 14 -8 -16 8 12 -19 -1
18 -6 13 -15 -3 -17 11 -19 -19 17 -1 -16 -12 -4 -17 -20 -12 -19 17 14 -4 -8 -5 -3 0 -17 15 -1 -5 -10 12 1 14 -16 8 7 5 -18 -4 7 14
-13 13 9 15 -11 -19 2 -9 20 2 5 2 3 2 9 17 -13 14 -5 -14 -14 -2 0 -19 -10 -13 -3 -6 -4 -1 6 -15 -5 14 19 -20 -2 20 -9 -1 -5
-14 18 12 -11 -14 -5 9 -14 11 -5 13 18 -13 -4 12 -13 -13 -14 11 -10 -11 1 14 16 0 -15 18 -8 10 -7 -11 0 -16 -2 11 15 19 20 13 -12 -15
19 2 1 8 -5 -2 6 2 17 10 15 -20 6 -19 -10 2 1 -15 3 -16 15 -16 13 6 0 0 -7 13 -17 3 -17 -20 -9 16 -17 -10 14 -8 5 4 8
5 20 15 17 8 19 16 15 -16 2 14 -9 11 -5 14 -19 -4 13 11 -16 3 -17 -15 -16 5 4 4 -14 -4 -20 14 19 7 -2 -5 9 -3 -7 -16 19 10
14 -7 4 9 -7 4 15 -6 17 13 -15 -19 -1 -8 -14 1 6 -6 3 0 -14 17 8 -13 16 6 2 17 14 -3 17 -10 1 -19 -10 -13 9 18 -18 -10 -9
9 1 -6 6 6 -19 -15 0 6 17 16 8 0 -2 -4 19 18 11 17 -19 17 -5 -18 12 13 18 -12 -9 -16 18 -11 10 15 15 12 16 0 9 -3 -10 -1