37 41
-1 -13 -12 -18 -2 19 -15 -6 -13 -1 9 11 -5 16 17 0 1 -17 15 -20 14 7 9 10 -16 -14 5 18 19 2 0 13 -13 -3 -9 -14 19 -19 -5 15 3
18 -13 3 -2 5 0 14 7 -20 15 -14 17 -9 0 15 1 12 20 -1 -18 -9 13 -14 -5 -1 -2 10 7 10 11 -12 9 -4 20 -6 -10 15 -19 10 -14 10
14 -11 -8 -19 -7 14 18 -4 -4 9 1 -10 11 -11 19 -17 -12 19 -9 -13 5 19 20 7 8 11 -5 11 -4 9 -7 -15 -15 5 -9 0 0 -17 4 8 -9
0 -1 -12 -12 -12 4 -10 19 19 0 20 -2 18 20 14 0 -10 -18 -8 12 1 2 -2 -8 12 3 10 -12 -13 -5 7 -18 15 -16 -1 -17 19 8 -15 -10 12
6 -20 9 20 6 -3 -6 3 0 -14 16 -16 1 -10 19 13 -14 -19 9 -12 -12 -13 12 -18 15 3 1 -13 -14 19 12 -20 19 -20 -6 -1 11 18 16 -11 -6
-8 3 -5 10 -3 7 -16 -16 -19 17 -5 -13 5 -17 14 -13 -10 20 -3 6 11 -5 -2 -6 -2 9 -15 -17 4 0 14 -20 14 -7 -6 -2 18 16 15 -16 1
4 2 15 12 7 16 -3 1 -2 18 -2 -3 12 -1 -4 8 -7 -6 17 -19 19 -8 -13 -20 -19 15 -10 1 20 5 -7 10 -7 2 -12 -19 3 6 -13 9 19
-17 2 0 4 -6 -3 -19 -12 -4 -18 8 -2 -16 -14 9 -1 -3 -3 16 -6 -5 -10 1 -13 -18 -13 5 -18 -7 -14 2 -15 -1 8 -15 7 -15 10 -3 11 5
12 -11 10 20 -17 20 -9 10 9 -11 -7 -10 12 -19 6 -5 0 4 -5 -17 5 -11 -20 -5 18 -9 -6 1 8 2 16 2 9 -14 -16 -12 -10 -3 2 -11 -11
-10 -20 5 -20 -9 9 11 6 -18 3 -2 -6 8 11 -13 4 6 -13 15 -9 18 10 -12 9 -15 5 5 16 -20 -20 -16 -19 4 6 9 -15 18 1 16 12 -1
13 -2 -11 16 8 -20 -20 -17 -9 -15 1 -17 18 20 5 4 -12 9 15 10 8 -2 -14 0 9 11 6 15 -15 1 -20 -13 14 -7 -8 -12 -5 8 -3 2 -6
-8 4 11 2 -20 12 8 -11 -12 15 15 -8 -15 -19 14 -13 2 4 -10 -7 -16 -3 -19 -18 4 7 3 -10 -9 5 -13 -7 -11 19 -20 19 14 17 5 20 5
-13 11 1 4 15 6 10 18 18 9 6 8 -20 9 -9 -7 10 -15 -19 10 7 -18 -7 20 9 6 -17 -11 -19 20 -20 -10 -15 3 10 -3 15 2 -20 -16 -1
6 7 3 18 -4 5 -2 -19 -1 -3 -2 6 15 -15 -19 -9 9 4 -8 -9 12 -1 -13 -19 -12 1 6 -9 -9 17 -11 14 13 19 9 12 -1 15 8 -19 -8
13 -15 -7 -10 -7 5 -8 5 -14 -14 6 -15 -15 -6 18 -8 -14 -13 5 5 13 15 -2 7 -6 -19 -7 -7 -19 -19 9 6 -6 7 6 -7 20 12 -6 20 -11
-2 13 -4 10 -16 -17 1 2 -4 -7 -2 20 8 -20 18 -3 18 17 -7 0 -6 0 -17 13 -12 8 2 -5 -18 0 9 2 13 -14 15 -7 10 -8 7 -4 -12
-16 0 -4 -2 -18 9 -6 -3 -20 2 11 -18 7 -7 -15 8 -13 18 12 3 0 -2 -16 13 19 -20 -1 17 -11 -11 -19 -8 -9 15 -2 -6 -14 -5 -17 -14 16
4 -3 -20 2 16 18 -14 -20 11 -14 -10 15 11 -18 -8 -1 -20 -18 5 -17 1 -18 16 -18 -4 -17 19 -9 14 -8 6 -20 0 -5 11 0 7 -5 -16 -5 -18
-2 -6 -4 -16 18 -3 1 -10 -15 0 6 5 15 20 -4 15 7 11 16 16 -2 0 19 13 18 -10 3 9 -14 14 -11 16 3 15 -6 -20 -14 12 8 -14 -10
6 -20 -2 9 -3 5 13 -18 18 18 -12 -3 13 4 3 -6 -18 1 1 11 -4 20 4 -18 -9 -5 13 -4 -5 -6 -17 -13 3 19 17 -20 0 2 3 -13 6
-14 -10 1 19 -19 -8 19 -14 10 17 18 -4 6 -10 -14 -16 -4 12 9 2 -7 -11 18 -14 -19 6 1 18 9 -3 0 16 0 20 5 2 -12 -16 -20 -15 12
-8 4 -4 12 -3 -11 -15 -16 8 -17 -2 14 13 11 14 -16 3 -2 10 15 18 -13 -13 9 -7 5 -8 4 -8 0 9 -13 9 1 -3 13 -19 4 -12 6 -8
13 14 16 3 20 11 7 -8 13 2 -18 16 -1 -7 1 4 -15 -8 2 16 -3 16 -20 16 -6 -18 -5 -11 8 15 -2 -8 -19 17 -16 -6 11 13 7 10 15
-15 -16 -10 -7 8 20 -3 -10 4 15 -6 15 -15 9 -19 5 0 18 -19 16 -13 13 -5 1 -17 -12 7 -9 -9 -4 12 6 -17 -7 16 8 1 -11 6 18 15
-4 12 -6 20 -19 16 3 -20 -11 1 -17 -9 17 15 -14 13 8 6 -14 -17 -8 0 -14 15 -17 4 0 -18 6 -6 16 0 -20 5 16 -14 -3 -7 -2 -10 -9
18 7 18 8 8 -20 -16 20 -16 -6 -19 13 -6 -6 18 -17 18 -5 -6 13 -1 6 -2 -5 -1 -5 -13 -13 -16 20 3 -5 -11 18 -1 6 10 12 -17 12 -19
8 -5 -16 -10 -19 19 1 16 -5 5 20 13 -10 -14 17 11 -18 -15 12 -13 -16 19 -16 -3 5 -10 0 -14 -16 19 0 3 -8 12 6 7 -2 -15 -1 -18 5
5 -8 0 2 14 0 -3 -12 9 8 6 9 -16 5 -19 -4 11 -3 6 -11 -1 -12 4 14 19 -5 20 -14 5 -5 11 -9 15 1 16 -18 -5 16 6 -5 -3
-4 -19 -2 -10 -6 11 2 -8 -11 -8 20 9 -13 -8 0 1 9 -8 -18 19 7 -19 12 1 4 -9 -6 -3 -11 16 15 0 -19 3 -8 -8 17 -4 -6 -5 12
-20 -20 -9 -2 -16 19 -20 -4 15 18 8 -7 -9 10 -18 -7 12 -20 14 8 2 9 -19 -15 -18 -10 20 -2 6 15 -11 -20 10 -19 4 -11 -7 6 7 7 -13
-14 -18 -7 -10 -12 -6 -2 16 10 -3 3 -16 -3 -12 -17 -12 19 -17 1 -18 18 13 5 17 5 11 -16 19 -19 0 6 3 11 -18 14 -11 1 -16 -3 17 -14
7 5 19 -5 13 -14 20 -17 -4 12 -15 11 18 -14 -13 -9 9 -6 -4 -14 16 20 -15 14 9 -4 -9 15 12 20 -12 7 -9 8 16 -10 17 2 4 20 -15
-11 -3 -4 20 14 19 8 -8 3 3 -20 14 -16 -17 -1 -12 15 19 10 4 -8 -11 16 12 14 14 13 -1 -10 -20 3 -1 15 9 19 -16 3 -4 18 -13 -3
10 -12 10 19 -3 -9 3 -11 -14 1 14 -18 -14 8 14 15 10 14 -3 15 -6 -18 -11 17 -13 -9 8 -12 10 8 20 -14 -17 -20 -15 3 13 0 -2 0 7
-13 1 16 -18 6 -6 -13 8 14 -2 19 -10 17 -17 16 -18 13 -12 -7 -2 -18 18 19 15 7 -5 9 -9 -15 -12 -13 3 -7 18 3 4 -2 -2 12 -12 17
10 19 19 -6 7 17 -12 17 -16 -6 19 14 -16 -3 -5 -18 18 -7 -3 9 1 -2 18 -6 0 -19 -15 8 1 12 5 -15 4 -16 -18 2 -3 8 6 0 10
-18 -19 4 -10 -7 4 0 -5 -18 -12 -20 17 -18 1 -4 13 -2 -6 -7 -8 -11 -19 -7 -16 17 6 5 -7 17 16 -8 2 10 16 -19 6 -20 10 -2 7 -19