37 41
14 0 -1 -2 1 -1 18 7 15 2 6 -16 -6 -1 0 -11 7 8 1 -3 -12 -7 -15 -11 -10 -6 -6 -16 -6 7 -15 -11 15 -8 0 -18 19 -12 -3 -13 14
20 -9 -7 12 7 18 11 -10 12 3 6 -6 -11 16 12 9 -10 20 -9 10 3 14 -1 12 -19 18 -11 -6 -13 12 1 6 3 -15 -13 13 -16 5 -15 20 20
8 8 3 -10 2 8 -17 -17 3 -8 8 -20 1 -15 1 9 1 5 16 -6 -11 -17 -18 10 -18 7 16 7 10 -8 -15 -16 10 7 -8 3 3 11 -3 10 -14
13 6 14 -13 -8 -9 4 16 -3 -3 0 -13 -14 16 -8 11 -19 0 14 -5 4 13 17 3 19 8 13 -15 -4 20 -1 7 -2 16 19 16 -11 -13 -4 7 -3
-8 -16 -10 -10 7 -2 2 -6 -15 -5 -17 -4 -14 -17 -9 -6 8 -18 9 1 0 -15 -15 -19 3 9 -7 17 19 13 7 12 14 8 11 -19 -18 -8 -4 -9 13
-11 1 -6 15 20 -15 -18 -16 3 -20 -8 -9 6 6 0 14 12 -18 -8 -7 17 -19 -18 -1 0 19 6 -5 -17 -1 -15 18 -18 -5 -20 16 1 -5 2 5 -6
-1 18 -2 8 -15 4 -4 -5 -9 12 -3 13 -16 9 -6 -15 11 -9 -2 -3 18 10 -14 11 -19 -15 -19 -14 -8 -16 -13 -13 11 -15 -16 14 2 -1 4 0 -10
10 -12 -7 10 17 17 -6 14 -6 14 -10 15 -7 -10 8 12 7 3 4 14 -17 -13 9 2 0 4 20 0 1 -7 1 -19 17 -15 -2 -13 18 11 18 -18 -16
17 -5 -12 0 -11 7 0 13 8 14 18 6 13 -19 11 11 -11 9 3 -5 -10 -10 5 9 8 -4 19 -3 -11 -12 -7 14 -10 -15 -15 -3 2 -15 -20 1 -19
2 -16 -9 5 20 -6 -6 -20 15 13 13 -11 5 16 1 2 8 16 10 11 -16 -4 12 8 0 -19 -19 3 20 -17 12 -8 -17 -8 7 12 6 -9 -19 18 -19
-3 15 -3 20 -10 17 -1 -5 -7 18 19 -20 18 -11 1 -19 2 6 -3 -8 15 -14 19 2 -18 5 20 -5 1 3 -17 -13 19 -10 -1 -1 18 17 13 -1 18
9 8 11 -13 -5 -13 -9 12 -2 11 10 -6 5 13 1 -15 5 -8 2 -19 3 -9 -11 -9 -1 10 4 -11 -9 9 -6 13 8 14 -13 -5 -18 1 10 -6 20
-19 14 9 -3 -16 4 -1 -19 15 -2 14 2 4 -3 -14 -8 8 15 1 6 -18 10 19 -15 2 6 2 13 12 10 2 13 -7 -7 7 -1 13 14 12 15 15
-19 14 -18 7 17 2 3 -13 2 8 10 -15 11 18 -8 4 -20 -12 -1 16 -15 -12 -15 12 -16 5 7 19 10 -5 -13 1 -19 3 -7 -8 -12 -9 15 -19 -12
-13 10 8 4 17 -17 0 -12 5 -18 1 14 8 17 10 8 -16 14 9 -1 7 16 -12 -12 16 5 17 6 20 14 -8 -6 14 -17 16 7 -9 2 -18 17 8
16 -1 -4 14 -4 -19 -14 -4 3 11 -1 -13 -17 -13 -17 13 18 -10 14 -7 -6 -3 9 12 -11 -19 0 17 -11 -17 -17 13 -1 0 4 -8 -1 -15 9 -16 -10
-8 -20 -14 17 19 2 19 -17 -5 -18 -9 -14 13 -5 -2 11 -8 14 -10 -12 -13 18 6 -8 20 -12 -7 11 14 -20 19 -20 8 18 -2 4 -7 -2 4 -17 -15
13 -6 12 -6 -17 -9 2 19 14 -14 1 15 -6 14 4 3 20 -10 4 -8 12 -4 -1 2 -6 -14 -2 -19 2 2 1 -7 -7 17 2 14 1 -6 13 -18 -10
-20 -16 9 5 -1 -17 -20 1 13 -1 10 -20 -17 -15 -18 20 -18 -14 -17 15 7 12 -17 -2 -17 1 -15 0 1 -7 -4 -5 -11 -5 10 -5 -19 12 -7 16 4
3 16 -17 -4 -11 -2 3 -1 -20 -5 -12 -18 -19 14 -4 2 12 0 -9 20 -1 10 -1 4 18 -2 11 17 -11 -15 -12 0 18 -4 9 6 -8 6 1 15 -6
-12 2 -13 -14 4 -12 -13 6 20 4 14 -13 11 7 18 -15 -2 9 -11 7 -12 -12 4 9 -15 -7 3 -15 -5 2 -13 -2 17 3 2 1 -3 -14 -13 -19 8
6 -10 0 1 3 0 0 -1 6 10 1 -2 6 16 4 7 18 15 13 -16 -18 15 -9 17 -5 -19 8 8 2 16 -17 0 6 15 5 0 -17 -2 -8 -13 -16
-13 10 -14 9 -12 -1 -16 -13 11 -12 16 1 -1 4 15 -13 -1 8 11 1 8 1 -12 20 -14 20 4 -12 -7 5 -7 14 -16 -11 -11 3 -6 16 -11 19 -7
8 8 12 7 -20 10 4 -19 15 -2 9 -10 -3 1 15 5 -11 16 2 0 5 -14 -2 14 15 14 5 -4 3 -1 -3 -6 -8 -6 -20 -17 10 3 -16 18 -5
1 12 0 -3 -17 0 5 -2 -1 6 -7 1 8 3 -1 -15 14 -16 14 10 12 -7 2 5 -18 19 -16 -13 9 7 -19 17 -12 14 -14 15 10 2 2 -18 -17
-14 20 -15 -18 -8 -12 15 19 12 3 -3 -4 -4 5 -1 5 13 13 8 8 -6 15 0 20 14 15 3 -19 3 -6 -6 -2 -20 -5 -1 -14 5 -6 1 -8 -11
-20 19 15 3 20 11 -19 -1 5 19 8 -15 15 9 -11 17 -19 10 -19 1 8 -9 9 -9 -9 16 9 19 7 -5 -3 9 11 13 -10 10 -8 -12 -12 0 12
8 8 16 -6 14 16 0 3 -7 -3 -20 -4 18 -12 15 8 -12 -12 1 -5 4 19 -10 9 -12 -7 2 -20 8 -8 -19 -1 15 4 6 -20 -4 18 12 -9 -12
-18 4 17 12 -13 17 -7 18 -6 18 0 7 4 -14 15 -9 -11 9 7 -4 17 9 19 -17 -16 8 -12 3 -15 -2 19 -16 -8 -13 3 3 -18 -16 0 18 -9
7 2 1 -13 -8 18 13 -14 -17 9 -14 9 -2 -18 -11 -11 3 8 -8 14 -15 -5 -16 -14 -12 -1 14 11 16 16 8 -2 -20 -2 -18 0 4 -14 -18 -1 19
-13 0 -17 -10 14 -3 4 1 -19 -8 -11 14 -15 -20 3 2 -5 2 -15 1 18 19 -18 -17 10 17 -11 8 20 -5 -3 -7 15 15 -13 -13 14 -4 13 -13 18
3 11 7 -10 -7 17 -4 -11 17 -15 -11 -11 -1 3 19 4 -19 19 -4 13 9 -7 19 13 -12 18 -7 -10 16 12 20 -20 -2 15 -15 -8 -11 -13 7 8 -17
-19 0 18 -18 -14 -9 -14 -16 -17 16 17 -5 -2 -10 -7 1 17 3 0 3 17 -6 -20 -9 7 -3 0 -3 17 12 -7 16 20 -18 -1 -9 -13 -1 -5 19 20
5 -7 -17 20 6 0 20 12 -9 -4 -18 14 -3 20 15 11 10 4 14 -7 -1 12 -19 20 -7 -20 -8 4 10 -18 -3 -19 -7 12 15 -9 16 20 -2 -15 8
13 5 10 -6 -11 -20 12 12 8 16 7 -6 -4 -9 3 5 -11 -14 10 -10 -11 8 1 4 -16 20 15 1 20 1 -19 13 7 -17 7 19 -7 -16 -12 10 8
3 -20 -9 -7 10 -14 -5 19 -3 6 -16 -8 7 7 -13 4 1 -16 1 -11 1 10 -6 1 -8 -15 -18 -17 10 -6 -4 20 -4 -1 4 -18 16 8 19 -2 -4
-2 16 -7 -12 8 -17 -20 -15 9 11 2 12 0 13 -7 14 -10 -6 -15 -8 -19 -10 10 13 2 -1 19 -1 1 2 -17 3 19 -9 -8 -17 9 -16 -12 0 -7