37 41
2 -6 -4 -5 -7 -10 3 15 7 12 15 -4 -3 16 15 -12 11 -2 12 16 17 1 -12 -19 -15 7 -15 -14 10 9 -15 20 13 -4 2 17 14 5 9 2 -9
15 -14 -1 -5 6 13 -2 -2 -11 0 -10 -2 14 -10 18 1 7 13 -4 -11 10 -8 -7 10 9 2 -16 -14 0 16 0 12 -8 3 14 12 11 18 -20 -17 13
-4 10 18 -7 16 2 1 4 17 -10 -8 18 -1 3 0 -7 -1 -15 -5 -6 -10 9 -14 5 -9 -7 17 -15 -2 -9 -5 -12 9 10 9 7 -18 -12 -13 -4 7
19 18 3 -7 -15 -11 -14 19 0 19 -7 18 -4 -11 18 0 14 -15 6 8 -11 -9 12 4 20 -15 2 11 -11 -8 15 -6 -15 -14 -9 -18 20 -11 16 -3 13
2 11 -2 18 -7 -12 -16 -20 -1 19 9 12 -3 -2 -1 -10 -16 7 -14 -15 -6 11 -20 20 12 -17 17 1 -18 -10 -8 20 7 -1 -16 -4 -14 14 4 7 10
-5 1 3 -1 -16 11 -11 -15 16 3 -6 12 1 -9 16 -17 9 3 8 -9 6 -18 -17 -9 -1 -1 -12 7 -9 -7 13 -9 13 10 18 0 19 -9 0 -5 -14
14 20 -8 14 17 9 -3 12 3 -17 13 5 -20 -5 -10 -12 10 8 -20 -1 -1 -2 10 14 -17 10 -15 14 -3 15 -8 20 -19 -8 -15 -10 20 -6 -20 -7 -20
7 17 1 15 -1 -15 0 17 -10 -6 3 -3 8 17 16 16 5 11 18 15 1 1 15 -17 -6 6 13 9 -19 5 -1 -3 18 -15 2 -3 0 11 20 -19 -20
-12 8 -14 -7 -4 -20 -20 20 8 -19 -2 5 9 -19 -16 -14 5 20 12 -13 3 -14 4 0 12 -17 -20 2 -17 -17 -5 19 17 13 -6 13 -1 11 -18 3 18
4 -2 -2 -5 -11 12 3 1 -7 19 10 -19 -5 -14 10 13 -7 18 0 -7 20 0 -2 5 -3 -6 -11 -16 -15 12 -13 14 -8 9 -11 9 13 0 18 0 -13
20 5 -5 16 10 -17 4 -19 1 7 3 -18 -8 10 -2 4 7 12 6 1 -4 14 -16 2 1 -12 5 -15 18 16 -5 20 11 -15 -10 -10 -9 6 -10 14 9
16 2 17 20 4 -20 9 -8 12 10 6 -1 -7 12 -14 13 1 -20 -7 0 -10 2 -16 -9 1 -16 11 -16 -11 0 13 8 1 10 12 -15 18 11 5 10 19
20 -17 -17 -15 -12 -5 6 14 4 -17 -18 -9 12 -11 -9 -11 12 2 10 -8 20 13 6 6 8 -2 2 0 7 -2 -17 15 -11 14 12 8 14 7 -11 -5 -7
-4 17 3 9 -2 -6 17 17 -7 -12 -14 11 5 11 -3 -17 -5 -6 -5 -20 18 18 -9 -14 -14 -20 6 16 18 -18 -2 -12 16 1 -14 14 19 -1 -6 -19 -15
7 6 -5 -5 20 -8 -18 11 9 17 17 -3 -18 -5 -17 -2 -20 -3 -17 4 16 5 17 -5 1 20 -14 -20 9 -18 15 6 -13 8 1 16 -13 -20 -12 18 0
1 14 19 -14 -18 19 -9 -18 8 4 -6 0 16 9 8 0 -7 0 14 -9 4 -1 5 1 -7 4 13 -18 -16 -5 -5 5 -11 -12 -20 17 -11 0 -18 15 -18
18 0 6 -4 -17 -7 17 -15 -4 0 15 2 15 5 -20 -13 0 -1 -3 -1 -2 19 14 -10 -8 6 -3 -7 -15 5 3 18 -3 14 16 17 16 -15 2 -15 1
-18 5 12 14 -10 10 -7 -15 -17 19 -18 0 4 -17 -4 20 -19 8 7 -8 -18 -8 18 13 3 -16 14 11 -20 -7 -7 5 20 -17 -10 -10 -1 -5 6 -10 18
11 0 17 3 -3 -7 -20 -9 5 -6 14 -20 -3 -13 14 4 1 3 -6 5 7 -16 -2 18 -10 5 3 4 12 20 5 -7 -15 -9 11 16 -3 -4 8 5 16
6 -1 14 13 -7 17 13 2 -10 20 8 -12 -16 3 -5 12 13 10 -6 16 -19 1 -11 6 14 -8 -4 9 -8 -10 -1 -12 -8 20 -11 11 -16 8 9 6 0
-3 19 10 13 -10 15 8 -5 1 -1 1 -14 8 -10 -17 -2 -18 3 4 12 -8 10 12 13 16 -11 -1 20 3 14 13 -18 11 -15 16 -7 7 15 19 5 4
17 1 17 -11 3 -18 -7 18 18 5 -2 -7 16 -2 -2 -13 -11 5 5 -15 -18 18 -5 -19 6 -4 -3 9 1 -7 1 -3 -8 17 -10 -7 8 -2 20 19 18
16 -14 -7 -3 -7 -10 18 14 3 9 1 -7 -8 2 -17 -16 -19 10 -8 17 -19 -3 -3 3 -15 4 -10 9 -7 -16 16 15 14 -17 12 -7 -2 -3 5 1 5
3 20 4 -6 3 -16 10 -2 -16 18 0 13 -8 -18 -8 14 14 -13 10 -10 -11 -7 18 -17 -11 18 -3 7 -5 18 -19 -3 11 10 8 7 15 -19 4 -8 17
-3 14 -11 2 -16 13 20 1 2 6 12 2 -6 1 18 5 5 12 12 3 -10 20 19 -16 -8 -20 6 19 12 -10 -5 13 -14 12 7 14 12 4 -14 -2 -20
-16 16 -16 2 1 10 16 8 -19 7 -17 6 18 14 8 -13 13 -1 11 2 17 11 -15 -20 -4 7 4 -3 -4 17 19 -19 10 17 11 2 -11 -17 -20 10 -9
11 -19 9 -19 5 -12 -12 2 8 -3 -6 -10 -10 -11 -15 10 9 13 -3 -18 16 2 11 15 15 9 -18 -9 -13 10 -12 9 -15 2 -15 -20 19 7 -11 20 -18
-19 -10 15 -12 3 19 13 -15 -10 -10 14 -2 19 6 4 8 -20 -4 5 -4 3 -14 -8 1 11 -17 5 7 15 -16 -14 -11 16 3 12 2 -18 -10 10 -14 -6
11 19 -16 -14 -11 0 -19 20 -20 -5 5 6 -5 4 18 5 13 14 -20 -10 -11 18 -13 -8 4 -20 0 9 -11 -3 -1 7 -7 11 -10 10 -4 -20 -17 -7 -6
-18 -8 8 17 10 -5 -9 13 16 -10 -7 -7 8 15 2 14 1 18 -2 10 -10 9 7 -1 -11 -19 1 1 13 18 -19 -7 -1 -1 -7 9 3 20 5 -16 3
8 -11 -7 11 17 -6 -7 5 -18 16 4 4 -13 14 -5 -9 -13 3 -15 -18 4 20 -4 -17 -19 -2 -4 10 -14 8 -20 4 13 18 -20 10 19 16 9 8 19
20 5 13 -2 17 1 -2 9 1 19 3 4 1 -20 15 1 -12 12 16 0 18 1 -7 0 -2 20 -1 7 -12 -16 -11 -12 -16 -8 -5 -20 -3 14 10 -5 -2
5 -15 10 -11 3 -9 4 11 -6 -1 -2 -12 5 -5 -4 -4 -19 19 6 5 -12 -4 -19 -20 -5 -16 19 10 15 0 -2 -6 -5 4 -15 -11 -12 6 -2 10 12
-9 -4 16 -1 19 1 -19 -13 -7 6 -13 9 14 -5 8 -20 13 10 0 -19 17 -13 -9 14 -1 -1 4 -12 13 1 12 5 -5 -2 -2 10 -17 16 11 14 14
-9 11 8 -4 12 -18 -20 5 -8 -11 -15 -16 -3 -19 16 3 12 5 -10 -15 15 -4 -20 -16 -12 14 -18 12 -9 12 -4 3 -16 -2 18 -7 15 18 14 -13 18
-11 17 1 -8 1 8 18 -16 -11 5 -6 -20 -15 -12 -6 16 14 -10 -10 16 15 -2 18 1 -18 19 -7 13 20 0 -18 16 1 -2 11 -1 -19 -1 -14 14 -8
-16 15 -17 5 13 -1 6 11 14 0 7 -8 18 0 11 16 7 7 2 17 10 -10 1 7 -9 5 -2 -5 -8 14 8 -11 16 -13 -13 9 8 -9 -7 -2 9