37 41
14 6 -16 -13 17 -12 -14 6 -2 -20 -7 16 14 16 8 -1 -5 7 -12 -2 -14 -20 14 6 -12 11 -13 -6 13 8 -10 -14 -1 15 -7 -5 11 -15 3 4 -13
10 17 -18 -16 7 5 9 -6 -9 0 0 -6 -2 -9 -2 5 6 8 -17 7 -2 -7 20 -13 4 16 5 0 2 18 1 6 -7 -19 -16 -3 -8 11 -20 3 6
6 -13 11 -9 0 18 -19 -13 13 -7 -5 11 -11 -8 -20 -12 -4 5 -10 -20 15 -1 -1 1 -20 -10 7 20 19 -3 4 9 9 -20 -5 -2 1 -1 6 6 7
1 20 17 -7 -13 -9 -18 -1 -17 -2 -3 12 0 1 -19 -5 -14 -17 -16 -12 -5 -20 -1 0 -11 10 5 -10 14 13 7 -17 -8 6 -20 -8 -2 -2 -6 0 -3
-17 -1 8 13 -15 -4 -15 -17 -1 15 -11 19 -7 5 8 14 6 16 -3 14 2 -15 -15 12 -2 19 -14 -10 14 -1 7 -18 -11 -16 -4 8 7 -3 -11 11 -18
-2 -12 20 5 2 8 -13 -6 -4 -4 14 -6 -18 6 14 9 -20 17 15 10 -17 19 -10 3 13 -19 9 -20 20 -10 18 -17 -9 -18 -2 18 19 9 0 8 -17
15 -18 -20 18 -10 -16 -19 -11 -8 6 17 -7 -8 8 8 -6 14 10 -17 15 -8 -16 -3 11 20 10 -20 -18 11 10 2 -8 11 14 -3 -18 -19 -8 18 -20 6
16 -8 13 -15 -7 -13 -5 0 20 -7 -9 19 -13 13 -8 18 -3 -4 4 10 8 -4 -11 9 3 12 3 16 7 14 15 13 -12 -15 -20 2 15 -10 4 -11 -9
17 12 3 18 -2 10 -18 -10 -4 7 0 -16 19 20 19 8 18 -6 12 1 15 -5 -7 -9 6 1 7 13 8 7 18 -5 8 16 -4 -9 -20 0 -9 9 -20
-20 -5 2 -4 8 -7 -11 -15 3 -4 -13 -20 -19 -18 -13 14 11 -20 5 14 -4 10 5 -2 -15 -2 -12 -10 6 -10 -11 18 -11 -10 -20 2 -4 -10 -1 17 -2
-7 -13 -8 -2 5 20 -20 20 -14 -5 18 -6 4 -4 16 1 7 4 -19 16 18 -18 15 7 -5 -5 20 -9 -11 18 16 -14 -5 6 8 -20 -11 19 5 4 12
-18 6 -13 8 -12 -8 -7 -2 -9 -3 19 2 5 18 17 3 4 -8 -17 -17 -18 19 -8 15 19 15 13 -14 -6 7 -5 -2 5 7 11 -4 -8 -18 2 11 6
-14 3 -15 4 -11 -7 10 -4 4 -10 20 -1 12 12 -17 -18 0 -10 1 -18 1 -2 -11 -17 -7 -2 15 15 -3 -3 11 7 -2 -17 -19 -10 6 7 -16 -14 7
2 -17 15 -5 1 4 12 17 4 -3 -20 -19 -2 0 10 -3 2 -16 -17 1 7 -5 12 7 -5 -11 -18 0 4 -11 -16 10 -14 -2 10 -2 -19 15 5 19 6
-11 -14 8 -5 -4 -10 13 -8 -7 8 -9 -16 6 10 -7 10 19 20 3 -9 5 9 0 6 17 -11 -3 -18 16 -6 13 -12 17 -1 15 3 18 15 3 10 -12
10 -12 13 8 9 1 15 18 7 -5 -4 -6 -17 5 -20 2 1 11 16 -20 10 17 6 17 -15 6 -3 1 -6 -20 -19 11 -15 -1 -12 -1 -11 19 -17 18 1
12 -20 8 -1 -4 -3 -20 -13 -16 -8 -6 -16 6 -7 9 20 18 15 7 -3 -19 -20 -18 -20 20 -6 -20 -1 6 19 7 19 7 2 -5 -13 -14 -17 19 -17 15
-5 0 2 12 -1 7 -9 -3 8 14 -14 -15 -10 20 -19 -3 -16 9 18 6 3 -14 8 20 -5 -9 11 -15 -3 15 15 -11 16 -8 -4 -19 14 -12 9 -5 0
-1 8 -18 13 -14 -2 14 10 -8 -20 -9 4 -20 -5 -11 -19 11 7 -1 11 15 3 -16 5 15 18 15 7 20 3 -8 19 6 -17 14 12 20 -7 -4 17 12
-19 -20 14 -16 13 14 -17 -2 -3 11 -10 1 7 -7 -6 -5 9 -16 -1 -3 6 9 13 -15 3 8 -16 9 -10 -16 -1 4 1 -10 -17 14 16 -12 -17 -15 -16
13 -7 -16 3 10 4 -1 -7 11 20 -1 11 -5 -20 14 6 18 2 11 20 15 -17 -5 -12 11 -8 7 13 -13 -4 17 11 15 17 -16 -3 2 6 6 -18 -18
6 -13 15 2 -10 2 18 17 -3 -16 17 -14 -14 -5 -4 -5 18 3 9 -20 -2 -20 12 13 -15 -14 -3 -4 -10 2 9 -8 1 -9 -13 -4 -17 -6 -9 -13 2
7 -4 -3 -7 2 20 -9 -18 15 10 11 11 -16 -10 8 -17 -16 -19 18 -12 1 -20 -19 17 17 -13 -12 12 13 -18 -11 11 -7 4 10 6 15 13 12 -6 3
-16 9 11 6 14 -14 7 19 19 -16 -15 -17 11 20 10 16 -2 -18 12 1 9 -2 6 2 -17 -3 14 -19 0 -18 4 -15 13 6 2 19 -13 3 -17 -10 4
14 4 14 -5 -18 0 -15 -9 13 -1 -19 0 -9 -17 -4 -18 -4 -15 -11 -4 12 8 19 10 -11 9 -19 -10 -14 1 18 14 7 -8 -2 6 13 -5 -14 -4 8
-9 1 17 -12 -10 -20 11 17 -7 11 -16 -7 2 -7 -15 -2 11 12 16 -10 -17 12 10 -8 -18 -20 5 -5 -3 4 -9 14 0 -3 15 -17 -13 -7 14 0 -7
-15 18 20 -2 14 12 -13 -13 2 -20 -3 -12 -19 -3 19 -2 -16 19 -15 19 -11 15 1 -17 -10 4 9 -18 16 -10 -19 3 7 18 -17 -4 8 -12 0 -12 -2
-5 20 -15 -2 -5 4 -3 -2 20 -20 -7 -14 -18 -3 -14 17 -19 18 -7 11 18 16 8 -6 -7 0 -1 -2 11 5 -5 -5 -13 -3 4 -13 -20 -5 7 3 2
7 -12 8 0 -17 -15 -8 -18 -16 -1 14 -6 -18 16 -5 12 -20 -18 -20 -4 8 2 2 2 2 1 6 15 -17 8 13 -10 10 5 20 -5 -6 12 -4 -10 -17
-1 -5 0 -15 -3 4 2 10 -2 -8 5 -3 12 -15 -6 -19 16 0 -12 10 -18 -18 -5 8 -10 16 -8 3 -17 -7 15 20 15 9 16 14 -12 6 4 15 2
8 -12 -4 9 -8 4 14 -2 -6 12 -2 3 1 -15 -15 -10 6 -7 -11 -6 -8 -2 1 20 -2 19 -18 13 -20 5 -18 -17 -9 0 14 -10 20 6 20 19 1
-3 19 -12 6 10 13 -15 8 -1 -1 -4 -15 15 20 -1 8 1 -8 15 9 6 -15 -12 -5 17 -12 -1 17 2 20 -3 6 2 1 -7 -11 5 -14 -11 16 -12
-11 1 -2 -17 5 -9 10 19 -18 20 -5 -11 7 1 -6 -19 -10 -2 -18 3 3 12 -11 17 -17 9 -14 13 -4 15 1 9 -14 7 2 -16 -4 -9 1 -1 -16
1 10 -1 -4 7 -12 12 -7 7 -19 -11 6 10 -16 -5 -9 -5 -2 -8 -15 16 20 -15 16 -19 -17 -12 -19 19 -3 -2 -11 13 11 7 -17 14 -16 19 17 -5
13 -15 14 18 2 3 18 0 -13 14 12 5 4 -16 -14 -15 4 -11 6 12 -11 17 -1 -8 -9 -5 12 -9 -14 -12 -2 16 -1 -7 20 8 18 -20 19 3 -17
6 -18 18 3 6 5 5 12 -5 -8 -20 19 -3 -9 10 13 -8 -8 -17 6 4 -11 -1 -10 16 -3 15 -12 -20 13 6 1 -12 9 -2 -20 17 3 -6 5 11
11 6 -10 -8 -8 -10 -13 15 2 -8 -7 -17 4 -15 -17 13 -8 -16 -10 16 -5 -8 6 -4 0 -2 -10 17 -20 -17 -14 -17 -5 14 13 -10 19 -15 20 1 16