37 41
8 -5 7 -9 8 13 -3 2 1 -8 10 -9 -10 9 0 20 -17 -15 14 -3 9 13 10 4 18 -4 4 -17 -14 -11 12 7 17 -5 14 -13 20 2 -2 7 14
-15 8 -20 -16 5 3 15 -18 -10 3 -8 -2 18 -9 20 12 -20 13 6 -17 -18 10 -8 1 -19 -17 1 -3 2 18 8 18 -7 2 19 -15 16 -11 4 10 20
12 -18 -19 -3 -1 -5 -19 -3 -6 -11 4 6 19 0 4 14 -12 -3 -4 -5 2 11 -8 5 -1 20 -4 -4 9 19 0 -3 19 3 8 -8 -13 19 16 -17 -7
-17 -7 15 6 16 7 -13 -12 17 -12 -14 -1 -10 -15 9 13 -7 -9 -20 3 -15 5 -11 -12 -3 -8 -15 -19 3 17 -18 -18 -6 12 14 -14 4 -14 -11 -3 9
3 -1 11 6 0 -10 -3 0 20 7 10 -7 -11 -2 -14 -8 16 9 -11 18 14 -2 -5 18 -15 8 -6 -19 -12 -5 -3 -7 1 -15 17 0 -4 6 14 5 -18
-7 -18 8 1 9 2 4 0 -18 -15 2 -13 -11 -16 -14 1 -16 -1 15 -15 19 1 1 -6 11 12 1 1 16 19 19 7 4 0 20 -1 -10 -5 -11 6 15
13 16 2 8 6 5 -6 -1 14 18 16 19 -19 -9 -13 16 -10 -10 4 11 10 -3 11 6 14 -1 -17 20 -7 10 10 -13 7 7 -2 -14 18 -2 -9 1 -16
-11 -16 0 2 -4 -18 16 6 0 9 9 -1 17 9 -12 14 -2 4 -12 17 13 10 -3 1 19 3 7 -10 7 -14 -8 7 9 6 14 9 8 -15 10 16 5
-12 -11 11 16 15 20 20 -4 -7 20 10 3 17 -16 5 16 14 -1 -12 10 3 18 -5 20 6 -6 7 -16 -5 -3 -8 -6 -1 16 -13 5 10 13 0 7 6
12 -2 1 -5 9 2 -8 17 0 1 -10 -19 -4 -9 12 -4 -7 4 3 -6 8 1 -20 11 -1 3 7 -17 4 7 -17 -5 -15 -18 8 0 7 -4 12 -4 6
-18 -4 -11 -5 -16 2 -18 -5 -4 12 9 9 -19 17 -7 16 -10 -15 -2 -2 -4 -4 20 -8 -20 -6 -2 -6 6 -12 1 6 13 -12 14 20 -8 2 19 13 13
12 -11 -2 -14 -18 15 -11 -6 10 5 -14 -7 2 -5 -1 -17 -17 18 6 -10 0 14 -1 14 -6 10 16 -15 -20 -9 -10 -10 13 -18 16 -4 -16 -17 -13 -13 20
5 15 20 16 -5 -15 -2 7 -2 -17 -6 12 10 4 -2 -13 -18 -6 -11 15 -20 5 15 -18 -20 -3 -17 -20 16 13 -1 0 -13 16 12 -19 13 9 18 12 7
0 -18 7 1 4 20 -3 -20 -14 -2 16 17 -9 -16 -14 -13 -16 -12 2 17 -8 9 -15 -2 0 10 -6 -7 10 -14 -10 -16 1 -20 14 5 18 -18 6 9 -11
14 20 9 -1 -6 15 -6 20 -20 6 16 3 -17 9 4 -15 5 -20 1 -17 17 -1 6 16 -7 20 -14 5 -13 -6 4 -9 8 -1 18 -13 -17 -12 1 15 -7
-17 -9 16 -18 3 5 -8 14 9 -9 -17 19 5 19 3 2 1 -3 10 -9 13 -11 -8 19 19 16 -18 -16 -13 -8 -11 -12 20 -12 8 15 10 -1 20 -19 6
-12 -3 19 11 -4 9 5 -10 12 4 -20 3 -10 -19 13 13 17 -10 -2 13 -13 1 -5 18 -7 -9 -10 17 20 13 -1 -13 17 9 -3 -7 3 -20 -9 -2 -11
1 2 -14 -19 -11 -2 -19 15 -3 18 -5 19 -4 2 -13 19 -4 17 -7 18 6 -11 -1 -19 -7 -6 5 16 -18 -1 3 -17 -20 15 17 13 19 5 -5 -4 -1
-13 -4 0 5 7 -17 -6 -5 12 -7 1 -1 12 7 -5 -19 11 15 7 -18 -16 9 20 -9 -5 9 6 7 6 -9 20 2 -2 15 7 10 -6 -5 5 -14 8
-6 14 17 17 -1 -14 20 10 -13 -3 14 19 -5 9 -20 -19 -4 4 -8 7 -6 1 -13 5 19 16 -4 0 -7 -5 -17 8 -4 -16 6 -18 19 2 -2 -14 -10
-15 16 -4 19 -15 -5 19 1 -11 -10 -11 -19 -15 14 1 -14 15 -9 -9 19 0 8 4 -3 -11 -6 0 -8 6 11 -13 5 -4 3 -3 -9 -2 -11 11 -20 -15
-13 -15 3 -8 11 7 17 -10 -14 14 -9 -16 18 -10 4 14 -2 -2 -1 19 12 4 1 -11 14 -19 -4 1 19 -16 1 18 -13 11 -7 -15 -6 2 12 -12 6
0 -15 18 -4 4 -4 -1 -5 -5 3 3 -9 -11 -4 20 13 -3 4 3 -18 -2 -2 4 -6 -2 8 16 -11 2 -3 -17 1 -14 7 -12 20 1 14 15 13 15
-4 -11 6 -6 18 -5 -20 -12 -12 3 -10 13 -7 -6 0 8 -13 11 -7 -15 -7 15 1 15 -4 -3 -12 -18 -14 -3 13 15 -11 -5 -9 -6 5 -17 2 10 1
7 14 -3 -11 12 -20 17 -8 13 -12 3 17 -3 17 2 20 4 -1 2 15 14 -6 3 -5 -10 -20 2 14 -17 -2 -18 12 -14 13 1 -18 1 -17 -5 -8 18
18 -13 0 13 15 6 1 -7 20 11 14 -14 -1 9 -8 -7 -19 9 9 9 -7 4 5 -4 -18 -20 11 -5 -16 -6 15 5 5 -8 -15 -14 -15 5 -16 -2 16
11 2 -17 -17 3 5 -4 14 1 15 -10 14 7 -8 -5 -6 -9 18 18 -17 -20 -11 9 16 -2 18 -4 9 19 -7 -18 -11 6 4 -8 15 4 6 18 4 -4
17 0 -19 -12 -18 -11 7 -2 8 19 8 -9 -12 -3 0 3 -8 -11 -20 3 15 12 13 -8 -10 -11 18 13 1 10 -16 -7 -5 -19 -4 4 -3 -3 3 -9 -9
0 -1 16 20 -15 -2 -2 -20 13 0 -6 -5 -20 -12 -4 4 -4 -6 2 10 6 -11 19 -14 -8 18 9 -12 2 -7 16 20 -10 -17 -19 -18 -8 19 2 -14 -16
17 -2 5 10 -7 17 -6 8 -13 -10 -1 -8 -4 -15 -3 10 -11 -16 13 -2 6 19 -12 7 -2 9 -11 12 7 5 -15 -4 12 10 6 10 17 6 -16 -11 -20
18 -8 -20 -18 12 3 7 -17 -19 10 -17 15 -16 -13 -19 19 -19 -15 2 4 8 -8 19 1 18 -20 -2 12 6 19 9 -5 -16 0 -20 -3 16 8 9 0 -18
18 20 -8 2 -20 -15 -1 -7 -11 -17 7 -17 18 19 11 -11 -4 16 9 -14 -7 7 -3 -19 6 -19 5 -16 -1 12 14 14 -17 11 14 -11 12 -19 5 -4 16
-6 20 -4 -12 16 -4 0 11 3 18 -20 -5 20 17 15 -14 14 -9 -10 -4 -13 -2 4 -16 -4 -15 -15 -16 16 -12 -12 -20 5 -7 16 11 10 -7 10 8 3
-20 12 13 -8 -16 3 -12 0 -10 20 10 1 -19 -19 -6 -11 -15 13 -9 0 -11 15 9 14 6 -14 10 -18 20 13 -17 -7 20 18 12 -17 10 -14 2 -10 16
-11 19 -9 0 7 6 1 16 -4 19 -13 3 19 -15 18 19 16 3 -9 0 12 0 -19 10 20 5 2 -13 -20 17 -7 10 19 -10 -5 9 0 -10 4 17 -9
-1 5 8 -9 1 -18 -16 -14 14 19 19 -13 4 12 9 0 6 -13 8 11 16 -15 0 -11 7 3 -17 3 -17 -11 8 -8 15 -2 -7 7 13 -20 12 -3 -11
-6 1 10 -10 0 -5 19 16 -7 -10 -6 3 5 1 19 -19 11 -19 -16 -11 17 19 -7 11 18 7 8 -3 -8 12 -11 0 -4 -2 12 7 2 -5 -11 0 19