37 41
-1 0 -8 -11 13 -9 0 -3 -9 -12 -8 15 -10 -6 9 15 -11 -3 -18 -1 -13 7 18 0 15 20 -20 -12 11 14 8 -15 9 15 10 -3 -9 -3 20 12 8
14 19 -3 -4 -14 15 -20 -14 -7 17 -11 -6 6 -13 15 7 -4 5 11 17 -20 3 13 -4 -11 -13 10 -17 -7 9 11 20 -8 19 14 14 -10 -11 2 -9 -17
-15 -15 20 14 5 -14 1 -15 -8 9 -5 18 -14 -4 -9 4 -11 7 3 10 9 15 15 -8 14 9 9 1 7 14 15 4 -15 -12 4 20 -15 14 5 -2 -5
10 -10 -9 -19 -6 -4 -16 12 -18 7 14 3 2 18 -5 -17 13 -13 -6 10 -15 17 7 -6 18 8 6 -7 4 15 9 -18 9 1 16 -8 -7 19 13 -15 -12
14 -8 -1 5 -10 15 5 9 -2 9 4 -13 -1 -9 2 11 2 4 4 -13 -15 6 17 10 1 0 6 6 11 12 19 10 11 -13 20 -17 3 -1 0 3 10
0 3 18 -15 -19 -1 -20 -8 -14 15 10 14 19 -1 11 -9 8 19 -15 -4 -4 12 -17 -8 14 14 14 16 11 18 8 3 14 2 3 7 16 8 -5 -15 -17
19 -8 -3 6 -12 -6 1 -11 10 -18 -20 -2 -1 -5 -9 -4 19 -6 -18 -18 3 19 -2 -7 -6 -5 11 1 -16 -11 -16 -11 13 -9 -1 -19 -12 -8 3 4 2
-19 -20 -15 7 20 -16 -9 1 -16 20 9 -13 -19 -11 -5 -13 1 -18 -16 5 -18 -5 -17 16 -11 14 -19 -8 -17 -5 -2 10 3 0 6 -13 17 -14 4 -1 2
-16 -13 2 17 -18 -15 12 -19 -3 20 -16 -13 15 3 10 9 -10 15 13 20 8 -17 -8 7 12 -20 -8 16 -18 -12 -2 20 -1 7 -17 -15 19 5 -10 7 17
-8 18 -14 10 0 -4 16 12 10 13 13 -13 19 10 11 -11 4 -5 -9 13 -14 -17 -17 11 20 -10 -17 6 4 7 12 -3 8 -4 -16 -18 2 3 -12 -9 -1
-18 16 4 -12 -6 19 -16 12 7 -7 0 12 -7 3 -8 9 -1 14 -5 4 -16 -15 -15 5 -6 20 -9 11 7 15 1 0 -17 1 13 -18 15 14 -11 -15 13
-13 1 -8 -17 12 1 18 -5 7 12 10 0 -12 -18 1 -13 -2 13 -7 -8 -7 -20 0 7 18 -11 12 6 -20 4 1 9 -15 -20 -6 20 -15 5 -7 -13 -12
-12 -1 8 16 7 10 -5 -10 9 -9 1 -7 12 -11 17 15 2 -20 6 -2 -4 3 -20 -10 -1 -3 4 5 10 15 -6 16 -13 12 -1 -16 5 -20 19 -14 16
-1 -12 -4 -3 3 -17 3 15 -7 -19 -7 10 17 7 11 -13 19 6 8 -11 3 -20 -5 -20 15 12 0 -6 2 -16 7 9 3 -2 -20 -2 9 19 -4 -20 20
13 -18 -11 -8 -5 15 1 -11 0 -14 -11 4 -18 -18 8 1 19 0 -10 13 -10 19 -1 12 4 19 11 3 -1 10 4 -17 -5 -17 -7 15 -20 -19 11 1 -3
-15 18 -7 -13 -5 17 -5 17 11 8 0 9 -8 -13 20 -8 -12 -10 0 -8 5 19 -12 11 -10 14 -15 17 13 -14 14 18 7 -5 3 -11 -12 -8 18 19 17
-17 -3 -2 11 -8 -12 15 -13 -11 -2 18 -5 -17 7 -18 -2 12 5 -19 -15 -15 -15 -8 12 11 -11 -13 -15 1 -7 -5 19 -11 9 20 4 19 -11 7 -2 14
-18 -3 12 8 -18 -11 -20 8 16 -4 19 -1 -20 -7 13 4 2 10 4 11 -11 4 8 6 -15 -4 11 -2 8 -4 -2 5 -16 16 3 -16 6 -1 14 -13 3
-20 0 4 -7 -6 6 -8 20 8 2 -3 -17 1 10 -1 -12 0 15 6 4 6 9 20 1 -17 -10 -11 -20 -10 14 -2 8 0 -19 17 10 -1 -12 19 -12 -13
-8 6 2 20 -6 11 -15 11 -1 6 -6 11 1 -6 -19 19 -15 5 0 -18 -11 -8 -4 -16 -10 8 -20 6 -5 11 3 17 19 -9 5 -1 6 9 -14 -11 -12
-11 -4 13 10 -4 -11 -20 1 -7 4 -6 -19 -6 11 15 12 9 -3 11 1 1 -16 11 20 -1 -9 7 13 -14 8 -10 15 -18 -13 9 3 -11 5 2 -16 17
6 -2 10 20 -19 6 -3 5 9 14 10 10 -5 5 -3 3 -1 -2 12 2 16 -15 -13 -2 0 11 20 2 6 -13 -10 -2 10 -19 8 4 -10 -2 16 18 -10
-12 20 -16 20 -4 -10 -16 -13 -11 19 4 -4 -8 0 20 -17 -14 -12 17 -15 3 7 -3 10 4 -13 12 10 -7 3 18 13 -15 -10 2 0 3 20 -12 3 -20
18 10 -11 13 -14 19 12 4 20 16 17 -16 16 3 18 -7 19 9 -4 -8 10 17 10 16 13 7 13 10 -3 8 18 2 20 -10 -19 -5 3 0 2 17 -1
14 15 4 -1 -12 -16 -20 -7 18 8 13 -1 12 -18 1 -3 -10 -3 15 0 -20 -1 6 -17 -18 -17 18 12 -12 -6 3 0 9 -11 -17 -5 -13 12 13 -3 9
-9 -20 19 -19 0 2 -20 16 -2 10 0 -12 -12 6 -16 -4 7 -10 9 -10 0 13 -5 15 -19 11 -2 13 -8 -10 -17 19 -8 -5 14 5 16 -2 15 2 6
7 12 -9 5 8 -6 5 6 20 2 -20 12 7 2 -16 15 17 -2 -4 14 -16 6 -2 -9 9 8 -13 4 -7 -15 6 9 1 -1 -4 17 -15 9 -14 -19 -19
8 -15 11 2 4 2 5 -18 10 -13 14 6 -3 -13 6 1 19 19 -1 10 7 0 1 -12 -16 -20 13 -12 1 -18 20 4 7 7 7 -4 -9 15 7 -5 13
-1 -16 -10 10 -9 -7 18 12 -1 13 -7 8 17 18 -3 11 10 -15 19 16 8 12 -20 -12 8 -14 14 14 -16 -8 4 -9 -13 16 14 6 -14 20 -2 17 4
1 14 9 2 4 -7 -20 -8 5 13 -8 14 8 -13 -9 5 -7 -9 -3 13 2 -7 -18 -5 -13 14 -17 -19 -17 2 -2 11 -4 -15 5 -11 5 -12 -19 -11 5
-15 -15 -11 4 9 3 9 -20 -19 -5 1 16 -11 -15 16 -9 20 3 -8 8 11 8 14 17 7 8 16 -7 -18 14 -11 -2 -7 13 -6 -12 -4 15 -2 18 -7
-11 2 -4 -9 9 -10 1 5 -12 -15 5 12 -8 4 8 8 13 -16 13 7 -9 11 11 -13 19 5 -2 -19 -10 3 -10 -10 -17 -4 10 -16 -3 -1 -3 15 18
11 -19 -9 4 20 -2 -20 -3 -18 19 -12 3 4 13 -5 -1 17 15 -16 17 19 -6 6 -13 -7 20 19 -6 -12 6 -10 10 -17 15 15 -9 -11 -10 -12 -6 5
-4 -5 19 9 15 -7 -13 -6 -13 19 6 -5 9 -5 3 13 11 -8 15 20 4 1 18 -14 11 -6 -20 8 19 -5 -10 18 0 17 15 -18 10 13 7 14 -4
11 -13 6 -12 -3 -14 -4 12 4 8 12 8 12 -2 9 -19 -15 -18 7 16 20 -1 -15 -18 -16 -2 -17 12 -15 -20 11 -5 -20 -7 -6 -19 15 7 -19 16 -6
-3 5 1 11 -7 -8 -17 -18 -12 -5 -5 -19 -1 -12 12 -13 16 11 7 3 16 12 19 4 6 -5 3 3 16 12 -8 6 19 -15 -5 -20 17 11 17 1 19
-16 -16 -13 20 -5 -9 -20 13 17 18 16 19 0 -2 -8 -4 -16 -7 -20 12 -1 9 -17 -18 -10 -1 6 15 14 18 11 11 -14 -3 -8 -12 7 18 -7 7 -19