37 41
5 -10 -2 11 15 -20 -3 -11 18 20 -4 15 -5 14 13 6 -8 9 -16 -3 -20 7 -3 4 16 -8 7 10 10 16 16 -15 20 20 13 0 17 10 -1 15 -13
19 -18 -1 11 -14 9 -1 -4 13 4 -5 -14 -5 16 14 -19 6 -2 19 9 17 -9 0 16 -2 -4 18 2 12 15 13 -5 13 20 4 -16 2 -4 -17 7 12
18 13 1 7 17 -8 14 -11 12 -3 -14 19 -15 -16 -19 15 -10 -15 -2 -1 -9 -8 5 -14 13 1 -5 -15 2 1 -14 6 -14 2 -18 12 -16 -11 14 -1 -16
16 6 16 -13 -20 7 -15 -16 9 10 2 -20 19 17 14 -11 18 -6 13 16 -18 -13 1 -2 1 -13 -10 -9 0 1 1 -12 -16 -14 -18 19 -5 3 2 -15 -8
-11 5 -10 10 -4 -14 19 -10 -5 2 19 -13 -12 -1 -16 -9 19 -17 3 4 -17 -15 19 -19 4 19 -1 7 -15 18 -8 -7 -5 6 -11 0 0 8 -3 -16 1
3 -9 -17 4 -15 6 19 -12 18 -1 13 2 -19 -20 -17 0 -6 -8 14 9 -3 20 -10 5 18 19 -1 -17 -5 15 -17 8 -8 -14 -12 3 -16 -5 -20 -17 -19
-15 5 -13 -12 -5 -12 -1 17 19 12 -10 -16 -17 -11 0 8 2 -2 -16 -12 14 -3 19 -8 -20 -5 -17 18 14 -13 8 2 18 -1 -2 -16 -10 16 2 15 16
4 -19 14 17 8 9 3 12 -19 -3 -4 15 -19 -11 6 6 -5 19 16 5 -14 5 19 20 -10 -19 19 6 19 19 13 4 -18 -2 7 15 -19 -16 20 19 9
20 17 -20 14 -3 9 3 -1 7 -20 -16 7 16 2 15 -7 -13 -7 -14 -7 -13 10 -14 3 -3 -12 14 -7 -12 -4 -11 16 -16 -9 -1 -19 18 -9 17 -19 4
14 -7 -19 -11 5 -18 9 20 -20 20 7 -18 -16 -12 -17 14 -6 19 7 19 -16 20 4 16 -2 18 11 16 -1 3 -8 -16 0 18 2 18 11 17 -15 -9 -10
-10 19 -15 -8 8 9 -14 -1 -15 -8 -18 0 15 17 -14 -17 8 19 -1 8 10 16 -20 -2 17 -14 18 -9 -8 20 -17 -13 6 9 -5 11 -14 -16 -12 -7 -9
20 -10 -18 -20 -20 15 10 7 -6 10 15 6 11 13 14 -9 -1 17 15 12 9 -4 10 15 8 -3 3 -2 13 17 15 -14 13 -16 -11 18 -18 -3 -11 -16 -9
11 20 -2 -11 -14 -9 0 1 5 -5 4 4 4 8 11 8 3 9 20 -11 4 16 8 -18 9 -6 -9 14 -9 -17 -17 -17 4 -2 -9 2 -15 17 0 15 16
-18 4 -13 12 10 16 5 -13 -10 -6 4 19 -4 20 -10 -9 -19 3 -2 1 -3 -10 -20 19 -12 18 20 14 18 16 -13 12 15 18 -16 3 -5 8 -2 -7 14
20 7 7 6 11 -6 4 -10 -14 4 -6 3 0 15 -9 -12 0 -11 19 -13 -16 0 -9 -4 13 2 13 7 -1 15 13 16 -18 16 -8 3 -20 5 -17 17 13
19 -17 -4 19 -19 -10 -20 11 -11 16 5 0 6 -16 14 20 16 -7 -7 -2 11 -4 7 14 -14 -19 -1 6 -8 3 7 13 7 -20 13 10 -12 -7 -14 -20 -11
-9 4 9 -16 5 -15 -1 -19 0 12 12 15 -14 -3 3 -12 0 -7 -14 14 5 7 18 11 -16 -17 -4 -19 2 -5 -7 -7 -4 2 16 -16 13 -8 10 0 17
8 16 9 11 7 -20 -13 -13 -18 7 7 -12 13 16 2 2 11 8 5 2 8 -8 -4 -8 -10 -16 -9 -13 -8 20 10 13 -10 0 -15 16 8 18 -7 -4 9
2 -19 12 5 -4 -6 -9 -5 17 2 20 -3 15 9 -2 -4 -5 2 -10 -3 12 10 -1 0 19 9 -19 -17 12 19 5 18 20 -10 -13 -9 -13 4 18 -4 -2
2 -15 17 11 2 8 2 -8 8 -8 4 12 4 5 6 8 -9 6 -15 -7 5 -17 -8 14 -4 -18 -6 -9 17 8 -18 -16 -14 4 -6 14 -10 -14 6 18 -3
-12 17 10 -4 7 19 11 13 8 12 14 4 -9 -1 13 3 -16 -8 1 2 -15 -9 3 7 -14 6 -20 -1 14 16 10 3 -19 17 0 11 -5 -5 4 11 -6
6 -16 -9 -7 13 0 1 -8 5 -5 12 9 -1 16 3 -4 8 19 1 14 0 6 15 14 2 2 -17 -13 -4 11 -15 -7 3 -18 4 13 -5 15 -6 -6 -5
0 10 -2 10 20 18 -13 -13 7 -18 16 -6 20 16 15 0 1 8 2 17 -6 10 -8 -3 8 -2 -20 -18 7 -3 12 -15 -10 16 -6 0 10 -12 6 -14 -18
-18 -15 -11 1 16 2 19 -18 4 -3 -9 -20 -20 8 19 -1 -1 -14 11 -5 7 -7 -5 -18 7 -15 10 7 9 20 -6 20 -1 5 -16 7 5 -1 -10 -2 -6
-6 -9 9 -9 2 18 -4 -17 12 -3 -19 5 15 -3 13 11 12 8 -8 -4 -5 -5 -19 3 -19 -4 -5 5 -7 -18 -19 18 -8 -19 -6 -2 -11 -6 9 -4 18
-7 13 8 0 16 -16 -2 -6 18 -7 6 15 -3 -4 -19 -16 18 6 -20 -18 9 7 18 -6 19 7 -17 6 5 8 -18 -18 -7 15 -8 5 -12 8 11 -7 -3
-13 -10 -9 7 6 3 -13 -19 -9 -8 9 10 -1 -16 8 -16 -9 -12 12 4 20 5 -8 -3 2 -13 -20 -9 -6 12 14 -2 -1 -13 14 16 -19 -8 6 -4 20
-4 16 -19 -18 -19 -6 17 -17 -9 -16 13 13 7 -12 9 -11 -17 17 13 -1 6 10 -8 -6 -20 9 -5 -10 20 -17 -15 15 -3 12 6 -3 8 -13 12 12 20
-1 -5 13 -6 10 7 10 -3 2 -20 4 7 18 -14 -6 8 -19 17 -19 14 3 12 -12 18 -1 -15 -16 12 -12 0 15 -17 0 -9 -5 -9 3 -8 -18 -14 19
-4 -19 19 4 19 10 -7 5 -14 14 5 12 13 -10 2 -6 18 0 17 -6 -6 -4 17 -20 3 1 -17 -2 9 -12 -18 17 9 5 -2 -3 9 -4 -12 11 7
-17 3 19 12 8 -13 12 -7 -13 -9 -10 10 20 -17 1 5 9 10 -1 -18 -20 4 1 -8 18 -13 0 -7 10 -1 6 5 -5 10 -5 11 -15 10 -12 1 -7
-5 18 10 -9 10 -6 -5 7 13 10 17 -6 0 -14 7 -3 -14 -6 -4 -20 14 18 12 16 19 20 -11 1 6 17 -8 6 20 18 16 -4 4 13 -18 -6 4
-19 -18 3 10 13 1 6 8 -11 -11 19 -18 -20 -7 -17 8 -18 9 10 10 -1 -3 -8 -15 -10 -1 0 17 -1 7 2 5 -11 -10 0 -17 9 -2 -5 18 -16
16 8 20 -10 -10 0 11 4 9 9 -17 15 -13 14 15 12 14 7 -5 -17 -13 -19 -19 -18 -15 -4 -4 12 -17 -3 3 -5 4 18 7 -20 -12 6 -3 -12 -9
-12 19 8 9 -9 -15 18 11 6 -17 4 -12 0 11 -13 -7 -3 -6 13 -7 -14 20 12 18 -13 -17 -8 -15 -4 -6 -3 -4 -5 10 13 -2 14 4 0 -14 9
-5 11 7 -1 -10 0 7 -7 -5 -17 -6 -4 -13 -16 8 -16 18 19 6 -16 -4 15 -17 6 -15 -9 -3 -11 -1 -5 -17 -4 -15 -5 2 2 -18 -1 6 -7 -15
-17 -5 15 20 6 15 10 -7 15 -7 0 16 -14 -13 19 11 8 -16 -7 -7 -16 14 14 -20 -11 3 -15 3 11 -17 -14 -4 -14 -12 20 18 -9 -6 -10 -4 7