-4 14 -1 18 -12 11 14 -5 16 3 -19 -19 -6 1 9 -1 -11 0 10 5 12 7 10 -1 -1 12 12 1 8 17 15 -13 9 19 17 2 -3 5 -11 15 -2
-8 7 19 -12 13 8 -3 19 -3 -7 12 -13 -17 14 -12 -14 -12 -18 -17 8 -6 -16 11 12 17 2 -2 -13 7 13 -14 -17 11 -2 9 -13 -19 -17 4 19 -2
7 10 -4 7 19 6 -9 -10 -3 -15 10 -20 -9 -1 15 2 -3 1 -3 -13 12 -10 0 2 -16 5 -17 -9 -17 -19 -20 16 8 20 13 13 -5 12 -6 0 -14
-1 6 6 -10 -2 -5 9 -16 4 -6 12 -5 -9 -8 2 -20 -3 18 -7 3 -13 -16 18 -16 10 5 15 -1 -14 1 13 4 14 6 16 12 -11 14 -18 5 -6
-4 -20 16 2 -5 -2 19 3 3 -16 -12 -18 -15 11 -3 -1 1 10 -6 -5 19 3 -18 18 -10 -17 10 -7 -12 7 1 -13 -5 -11 -2 -7 2 12 -4 -13 -11
8 15 3 9 17 0 -7 8 20 15 0 -13 8 -17 -5 -6 9 -2 -7 18 -18 -10 -17 -11 -6 -18 -6 19 6 5 -1 -4 -8 17 -17 5 -20 -20 1 -11 8
-7 11 1 -11 -3 -11 -4 -4 4 3 10 8 -8 17 15 17 -10 17 15 3 -6 5 -1 16 19 15 18 4 2 1 -17 -2 15 -20 -19 17 -13 16 4 -13 4
-13 -20 -17 -16 10 5 7 -18 -5 14 -12 19 -15 -3 13 -2 7 17 3 -13 -7 7 16 1 14 16 -8 -7 17 17 -11 -17 19 7 10 20 -6 7 16 20 2
11 17 -1 -6 -1 4 -15 2 12 -8 6 -8 18 -18 -14 -20 1 -8 -14 17 7 6 -2 11 18 -13 -13 10 -8 -2 -6 -1 20 19 -5 18 -10 2 1 2 16
13 -17 -5 13 7 -4 13 -7 12 -12 7 1 -2 10 -15 20 -5 3 -8 2 16 -14 -6 -1 6 -16 19 18 -9 -5 4 -11 8 20 -16 -2 -19 -14 -8 18 -13
6 -8 -5 9 9 -2 12 -2 5 -14 -18 -7 -18 19 4 18 3 5 -11 17 4 10 -14 -8 3 -18 -9 8 -13 13 -16 -3 1 -16 5 17 -6 2 14 -8 -4
-9 9 18 12 10 -13 -8 -15 -11 14 -14 4 -10 7 19 -12 5 19 12 -7 14 -14 8 3 -17 13 1 20 6 7 7 -18 -16 -15 15 6 12 16 9 17 -2
-15 -19 -19 7 15 -2 13 17 -7 -6 6 1 20 6 -6 -13 -9 -9 13 5 -12 -18 10 5 -1 -5 2 0 14 -7 18 -4 -6 11 -11 -16 10 -7 2 -18 -19
-8 3 -12 -6 1 -15 -20 -13 7 -18 13 5 8 6 -1 9 -8 -8 18 -14 4 18 -20 11 0 13 8 15 17 -10 -13 -4 -6 15 -11 12 4 1 11 14 -8
-5 -16 -7 -1 0 6 11 2 -19 -3 -4 15 3 3 -11 3 17 -5 0 -13 -7 -6 13 11 -19 -20 -14 -5 -12 -17 12 19 -10 -2 5 -1 6 11 -20 -10 9
-4 -20 7 -13 3 -15 -2 3 -19 7 -13 -15 -6 7 11 16 4 15 -5 -7 -19 -5 -4 -13 -18 15 16 -1 -7 5 -12 -6 -2 -15 7 7 -2 -14 -20 19 -20
1 -4 0 14 -12 -12 20 7 17 -4 18 10 -9 -3 10 15 -15 13 8 -19 20 -4 19 20 -11 15 0 -18 -9 -10 19 8 -17 4 -9 -10 -8 -11 -9 6 1
15 -17 20 -7 10 7 20 -6 -11 16 0 17 10 12 -19 -8 3 15 18 15 -10 18 -4 18 -11 11 7 0 -19 5 8 1 -13 5 6 11 -17 14 -5 -11 -9
-1 -18 -6 -9 -17 -3 -7 -8 19 6 6 -19 -10 -19 -13 18 9 -10 -20 17 -15 -7 6 12 -15 3 -13 10 -18 9 20 11 13 -17 -7 15 -16 -15 -17 20 12
7 -2 -11 -9 16 15 13 -15 19 -18 -18 3 -18 -19 19 -8 -16 -11 0 12 -12 9 13 -9 -8 0 11 8 16 20 9 12 -9 4 -6 17 -20 -5 -19 2 16
-15 -17 16 -13 -19 -11 3 -2 -20 -11 -9 6 20 16 3 2 19 18 8 17 -6 7 14 -14 -7 17 8 4 9 -6 -10 2 -11 -5 -6 -6 8 3 0 8 18
-12 15 -17 2 1 -8 18 2 -12 -2 -7 7 -19 -8 -9 2 -9 5 -1 -3 2 8 -18 -18 11 -14 -12 -9 4 -5 15 -9 -10 -5 -3 -2 20 -14 -9 -20 -8
-19 16 -17 5 -18 13 -8 9 17 6 -11 6 -11 15 5 15 -10 19 4 12 -20 -14 -2 15 -17 -20 -14 13 -4 -2 3 18 11 -1 -9 15 -2 -5 -10 -5 -4
-2 -5 -8 13 14 -6 -5 14 6 9 -8 17 5 16 -4 -14 -11 -3 10 -5 -15 -10 -14 -11 -19 -12 -2 -8 17 -18 -7 8 -14 -9 12 6 2 -10 -18 2 7
-7 13 3 1 12 -20 8 -2 -6 6 -5 -9 8 6 2 -13 7 12 0 1 18 -16 4 12 1 4 11 -2 19 -12 9 14 -18 12 4 -18 9 2 -16 -17 -8
6 16 -16 6 0 -20 2 -4 18 18 16 -17 -12 -4 17 -7 -9 13 -9 6 7 6 9 -17 -9 -7 0 -13 10 5 -6 2 -7 -11 18 11 12 -1 11 13 11
12 0 6 -19 -17 13 10 14 12 15 -14 -7 -11 13 -7 20 1 13 -19 -4 6 14 20 -7 -16 17 -17 -3 -12 5 -9 16 -5 -10 -17 -15 -6 -12 -11 14 -11
-10 18 0 9 -18 -8 -5 8 13 5 16 8 6 16 -2 -12 -18 -2 -20 -3 -2 7 -3 8 -7 11 -10 4 1 3 -8 -2 5 -5 15 6 10 -19 13 -5 13
-1 -8 9 -4 -19 8 -11 -3 -6 4 -7 -7 12 14 19 15 12 -7 9 -4 17 -2 3 -1 -2 -17 2 -4 10 -7 -5 19 -12 20 -20 14 -8 -7 -12 12 -3
-9 13 20 -18 20 10 -19 -15 -1 7 16 -8 -20 7 8 19 -19 16 -13 -8 -8 -20 -7 6 -12 16 -6 10 -6 15 -5 3 12 -13 -16 19 17 6 1 8 19
20 1 10 -1 11 -10 17 -8 9 19 13 19 3 -10 7 -13 -11 -2 -1 -10 -16 17 2 -20 9 5 -10 -2 17 -6 -1 2 -17 11 1 18 15 -2 4 11 14
-5 0 4 -15 15 14 13 4 5 19 -17 4 19 10 4 2 -6 2 -13 20 -8 20 -8 -18 3 -13 14 6 -5 5 -2 1 17 9 5 18 16 11 -10 -6 -9
-15 14 6 -13 4 10 15 -13 18 -17 4 9 6 -14 9 19 -11 -10 1 12 -15 5 10 11 -7 -7 -7 -4 -9 4 -4 15 6 -5 -16 11 4 -8 -16 13 -3
15 11 2 16 16 18 -17 1 19 0 -3 -1 -20 -17 -6 -8 6 -4 -16 -11 4 -7 -10 -20 -3 17 -5 7 -15 -8 -8 10 -20 13 4 16 -16 1 -3 8 -19
-20 -16 0 -7 -18 7 8 9 -11 -17 -16 2 -12 1 -13 -5 18 19 2 9 1 -13 4 4 13 -15 -16 -5 18 -9 -12 -2 15 -8 2 -13 19 12 -6 17 6
9 -15 19 1 -5 4 -12 -20 -16 -8 -18 -14 -5 13 17 5 13 -16 6 4 -4 -14 17 -13 13 -17 17 6 17 -14 15 0 9 -18 -7 -3 -16 4 1 12 11
20 -11 18 2 7 11 -7 2 -20 2 8 13 19 -7 -14 -10 10 13 9 -10 5 1 20 2 9 11 11 -1 1 -7 -17 13 7 10 8 2 -19 14 18 8 -412 15 -3 1 -6 4 8 -1 -13 -15 -5 6 20 -14 13 -4 13 13 19 1 7 -8 -11 -5 18 -8 1 0 17 -16 20 2 6 -19 5 -9 9 -15 6 3 17
14 -14 -13 -8 -6 -13 19 5 13 8 -4 -7 18 18 6 1 -4 -8 -18 -9 -2 8 -7 12 1 -7 7 -8 -9 -12 -16 -7 -12 6 -1 -16 -19 -12 4 13 16
-13 -17 -3 -20 16 -13 13 6 3 -12 14 -17 3 6 -3 7 3 14 5 5 -10 -6 18 0 -7 -18 10 13 5 -2 -2 -11 -15 -2 -6 -12 -18 -8 15 4 17
-2 8 6 -13 0 4 14 -17 16 -12 8 10 -18 9 8 2 0 17 6 4 7 18 15 -13 -13 9 7 -15 -18 13 4 -13 -1 2 16 12 -11 -4 -11 -13 -16
-9 12 -13 -17 -2 2 -11 -5 -12 -6 -16 11 13 -18 18 -9 5 10 -11 -12 16 -2 16 9 11 17 -16 8 -13 0 -16 14 -2 7 -19 4 -5 -11 12 14 -14
-2 -12 3 4 -9 3 16 -16 3 -13 14 14 6 -1 -5 -11 19 -6 4 20 -6 -16 17 12 11 0 -7 -6 -4 6 -8 20 -5 -19 16 4 -18 11 -17 -15 20
20 14 -18 6 12 14 15 -16 -1 9 -17 -5 -2 9 -2 7 3 -13 -5 -15 -7 -7 18 -17 1 5 -17 -12 2 -14 2 19 -16 11 -6 -2 -17 4 -2 16 -10
10 15 9 11 19 2 -12 20 1 -11 -16 -4 15 -16 -10 7 -13 14 -13 -4 5 7 2 -19 -16 2 -13 16 20 4 4 1 -7 -2 -13 10 6 -5 14 -15 -20
3 2 -11 -17 -15 19 -4 -4 -12 3 -8 10 -8 8 -11 -20 13 -16 -2 7 -17 1 -14 8 2 -7 7 -5 3 -19 -3 13 -17 12 -13 -5 15 -20 2 12 5
15 16 4 8 -12 -3 -19 7 -13 -17 -1 19 9 1 0 19 17 -7 -4 18 19 -4 -4 -9 -13 -12 15 11 9 -2 19 -9 -10 20 16 -3 13 11 -15 -8 6
2 7 -17 -17 -12 -5 0 1 -1 -14 20 -19 -6 6 3 -3 0 20 -14 16 1 13 -13 -12 8 5 9 -8 -19 20 2 -16 14 -4 20 -13 9 19 13 -19 -14
12 -17 3 -6 16 -20 9 19 -4 -19 -13 13 -10 -6 -17 -13 -4 16 -12 16 -4 -4 -15 -12 -6 16 -1 7 -9 20 -20 8 4 9 -12 10 6 -16 19 17 11
6 5 5 9 -10 -9 12 8 -9 -17 -14 5 6 11 14 15 13 1 -20 -13 7 7 10 -5 -13 14 20 18 7 8 14 11 19 -17 -19 14 -20 -1 11 11 -14
7 -5 -3 -3 20 14 -10 5 -19 -12 -15 1 14 -16 -20 17 5 2 -14 0 -12 17 0 -3 0 -1 -12 -16 15 -6 -11 -2 1 3 -8 -4 -19 11 -6 3 -4
4 -4 17 9 -7 18 6 -3 -5 0 -13 -10 17 -13 -1 5 7 7 1 -13 -2 -9 -9 -19 -6 -9 5 11 16 -17 -9 -14 10 -2 3 20 20 -8 10 -5 -13
9 14 15 3 -15 -3 3 12 -19 0 -1 -4 -15 -9 0 3 8 -3 -6 16 -5 6 -2 12 -5 -4 -16 5 20 -7 -11 -17 -2 5 -11 -5 -13 19 17 -8 2
16 3 -13 -11 -4 2 -11 -10 16 -7 12 18 -14 7 19 -14 -11 -19 -4 13 -4 -7 -20 -9 -7 -15 8 4 -2 15 0 -20 -2 10 9 -14 11 15 -2 20 -4
-9 17 -4 -7 -16 -4 -7 -12 -13 -18 -4 19 8 1 2 2 16 12 -5 -19 16 5 -3 4 -1 5 4 -11 1 -19 18 -14 -11 -20 -12 1 -8 -19 -10 -4 -12
19 -1 17 14 -7 4 12 -3 12 -10 -1 17 5 17 -12 13 -11 -2 -3 -5 3 9 12 -2 -4 -16 -13 -15 15 18 -9 -16 -7 -12 -17 12 7 -6 -8 19 6
4 13 17 -5 -8 5 -20 6 12 -18 -8 -2 2 11 -14 3 7 13 11 2 -6 18 -9 12 -3 -20 8 7 -18 4 -8 -4 0 2 -18 -13 -4 -14 -4 -19 -1
-1 -6 -12 5 17 -5 -3 -16 17 -18 -19 -5 16 -19 -10 20 16 13 -12 19 -19 0 9 -16 20 14 -8 17 16 -1 -19 8 1 -12 14 -4 -19 -4 -11 -8 -10
10 -10 -17 -5 5 -16 -1 -4 -16 9 -20 -1 8 -18 -13 -16 -6 -15 -2 8 -16 19 -18 13 3 13 18 5 -13 16 -18 -12 9 3 -11 -6 -14 -7 -16 15 -15
-18 -4 -2 -6 20 8 13 18 -19 -20 13 5 1 -6 -15 14 -20 13 -20 12 -14 -2 -14 11 18 16 20 14 -13 5 13 12 18 1 18 -20 13 3 16 -8 -2
18 15 -16 -19 3 15 -10 11 -20 3 -7 -1 20 -19 11 13 18 13 -1 3 -18 -17 16 -19 -10 -5 3 -14 7 20 -15 -17 15 15 -19 -1 -7 1 -19 13 0
2 14 -20 10 5 6 -14 2 4 7 13 20 12 -14 14 -15 10 -7 4 -4 -13 -20 -20 9 -10 -7 4 6 -10 9 -1 -1 0 -15 1 -13 -20 -12 5 17 -13
1 -18 5 -15 2 -6 -5 4 -18 6 -9 -12 -13 -5 12 2 7 13 5 4 7 -10 5 -2 -10 5 -18 20 -16 -5 19 -11 19 2 -6 8 0 5 3 17 -18
-9 -4 14 -7 14 -9 -5 12 -9 7 12 6 14 -4 8 5 16 -1 14 -6 -16 13 11 20 2 8 -14 18 -19 7 -15 17 -1 -17 17 -1 -1 10 16 -12 11
9 -8 12 20 0 -11 -4 -14 0 11 -1 -3 4 1 -3 -4 -6 11 -17 -9 -5 1 -1 15 -16 9 -9 -3 7 -3 -19 -10 17 8 -13 6 1 14 -16 -16 8
5 18 -13 12 -4 5 -2 18 -20 3 9 12 -4 12 20 6 15 4 -17 19 13 -7 10 14 -19 13 9 10 19 -5 -11 -19 -18 20 1 13 1 10 19 16 1
-1 8 6 5 -20 4 -18 12 -8 -14 14 -20 2 -1 12 2 -5 11 2 17 1 10 10 -10 16 1 -10 -6 17 -20 2 -5 13 -8 10 20 7 -14 3 -20 -2
-8 20 -6 17 -8 14 13 -19 13 -9 15 -11 -14 20 -7 17 -3 -6 -18 11 -15 1 -9 18 -17 -9 18 17 2 -7 1 -4 -15 11 6 3 15 10 -12 20 -11
-17 -4 -20 15 14 -13 4 7 9 -18 -4 16 8 19 10 16 -3 -10 -9 17 14 8 -6 10 -4 -20 0 17 12 17 -2 9 19 -3 18 -3 -9 -6 -13 14 12
16 2 1 -16 -13 8 9 3 -14 -2 15 -16 10 -19 -11 12 -15 -10 18 -1 14 -15 -6 -16 6 11 11 1 -5 15 -17 -2 -19 13 -10 -14 10 -11 1 6 15
-17 14 -1 -6 8 3 1 19 -13 -19 -2 -6 20 11 8 -14 -15 7 7 -20 -1 19 -18 9 -10 -7 -8 17 9 5 19 13 -11 -13 14 8 18 0 -19 -8 -9
8 6 2 8 -14 -10 -7 10 -18 -1 -1 10 -18 11 -17 17 14 -10 6 -12 18 13 9 -2 13 19 -1 -5 9 -20 -18 -9 14 19 3 -1 3 -5 -10 -10 -20
11 -12 -13 17 -17 -9 20 19 -19 16 -5 19 8 15 -8 14 -11 -17 -20 -19 -16 18 11 -13 -17 -2 14 -11 -18 -3 9 3 -4 19 4 4 12 14 16 15 -11
20 -13 -8 -17 -9 -13 3 14 -4 12 -16 2 4 -6 -12 -16 13 18 16 -19 -10 -20 7 0 -8 -18 11 20 -10 0 1 -9 -12 10 4 2 0 7 18 2 10