-2 11 -17 -4 20 -12 -16 -12 0 17 -17 10 -7 9 11 -8 -6 -2 -3 3 18 -20 -14 1 12 5 -14 15 11 5 -1 -3 -20 -6 4 -10 5 17 -16 -17 -13
-4 2 20 -5 6 -10 -17 20 9 11 5 17 -16 8 18 -16 7 3 -13 17 14 -19 20 -20 -2 2 -20 -8 14 -8 11 6 10 -17 -18 -20 0 -10 7 9 8
2 -18 -19 -9 6 4 -4 -5 -4 -3 -13 -2 5 -5 -1 -7 11 13 -4 14 -11 -1 -7 -3 1 -19 -3 -4 10 6 -9 20 4 -17 5 -17 15 -5 -18 15 0
10 -8 17 -13 -5 -20 -18 9 -9 15 -6 -2 15 -1 0 -11 -8 -4 -2 11 -4 7 -14 6 7 -8 -13 0 4 9 -15 -15 -6 -19 -7 -20 -1 3 -17 -10 15
-7 -20 -10 12 20 10 20 1 -6 -2 4 -9 15 16 3 -18 0 -5 9 -15 2 -20 10 -10 9 -19 6 -11 15 -8 3 -5 -14 17 4 11 -12 -9 -17 19 -2
-19 -9 -8 -2 5 8 -4 -10 -9 -10 -1 -5 -17 -14 -20 -5 -19 -12 -1 16 -11 -17 11 -10 -6 4 -9 -11 16 17 19 -19 -20 7 -16 10 -12 -16 20 -5 16
-19 -9 -3 -17 -10 -9 14 -17 15 16 6 20 18 12 -3 -11 11 -10 12 -7 14 3 0 -6 -13 16 8 5 19 -11 -8 -7 -5 -4 19 0 -9 5 11 17 -17
19 4 12 0 10 -8 5 -18 5 -16 17 4 9 -12 -2 -4 -8 -9 -20 -13 -19 13 -6 0 -5 4 9 10 0 -16 -4 -12 -6 -1 16 7 2 -17 -8 -9 -12
-2 -1 -18 -7 7 5 7 -15 -13 -14 3 16 -13 7 -20 10 -18 -10 -4 8 9 20 3 -7 2 1 -8 -14 12 9 -1 18 -18 16 -10 -4 2 17 -8 -17 -5
-19 7 11 -12 -19 -13 18 -17 -13 15 -2 -18 3 18 -5 -11 2 20 -13 13 16 3 10 -3 6 -1 1 -14 -11 17 18 -15 20 -14 5 15 -11 6 -5 4 -18
10 -1 -19 0 -20 12 19 3 -13 -8 20 -8 7 4 13 9 -3 -5 -3 -13 -4 13 -16 -18 1 -8 18 0 -4 5 9 20 -16 16 -18 -16 -8 16 11 9 -18
5 -18 -9 -12 3 -15 -4 6 -13 -20 -17 13 3 -14 -19 -16 3 6 -13 -20 15 -5 15 -10 -6 13 8 11 16 -14 -5 -15 3 -6 -15 9 19 -19 -14 -2 -5
17 -19 8 -3 15 -3 14 6 12 0 -4 1 19 12 -3 -10 -14 -10 2 -8 -1 -12 -3 8 20 17 15 -11 7 -2 -19 -14 20 -7 15 -19 -7 -14 15 -9 10
-14 4 11 2 -6 19 -8 17 -4 -9 -3 7 -19 6 6 -11 7 7 10 13 -14 3 3 0 10 9 -2 17 1 20 10 -19 13 -10 -10 -3 -19 4 19 5 -4
-10 11 -3 9 16 16 -10 19 -9 1 8 -7 -16 -17 0 -12 -8 0 12 -13 16 -16 18 9 12 0 4 -2 -13 6 -4 1 -5 -16 -20 10 -10 -18 11 20 18
12 -2 14 -4 20 -10 -4 -19 16 8 16 -9 -4 5 -18 17 -15 7 18 -7 9 0 20 19 -12 -20 15 -2 -15 -17 20 -4 -2 -8 16 5 9 10 -12 -3 -12
1 -15 3 -6 -9 -7 -14 10 -3 -14 -2 -17 11 -17 3 -2 -18 -13 2 11 8 2 -18 4 16 5 12 1 -15 19 17 -8 -16 4 -17 11 1 9 -10 -12 19
-7 -5 -12 14 19 16 18 9 6 -9 2 -15 18 10 -2 -14 18 19 -6 -7 9 -8 -5 6 -16 -18 17 -3 -18 -5 -7 -3 -15 -16 19 4 4 -10 20 14 -19
-5 -10 -17 -9 -19 19 14 -3 1 3 1 2 -1 15 -13 -17 -10 4 18 -9 -13 -18 9 -9 16 4 7 -16 16 0 9 12 14 5 15 11 -8 20 2 -17 12
-6 13 -1 19 0 5 -12 3 -6 -4 -16 10 12 0 -16 15 12 -14 -17 -18 16 0 20 2 -14 -17 -13 12 -1 13 12 -7 -20 4 -6 -18 16 -8 -11 4 -4
-4 0 -15 -16 -2 4 -5 -16 8 1 1 -16 18 11 5 18 13 16 -13 0 -8 -1 -19 -1 4 -12 6 -5 2 12 18 12 -1 -18 -20 -4 -16 7 -2 -9 -17
1 9 16 8 12 -7 19 17 1 -11 4 -11 -12 6 18 -4 9 -18 15 16 12 -2 7 -4 17 -15 -8 13 -14 0 -7 -17 -9 12 -1 -8 -16 1 0 -14 17
-2 20 -4 15 -4 0 -10 -2 -7 -7 3 10 3 8 0 0 -8 12 1 -20 -12 -7 -20 3 -1 -8 10 -2 -5 -20 -3 -14 17 16 14 17 -18 -5 -20 -16 7
-19 -3 -15 -16 -20 -13 5 2 16 8 13 -16 6 3 -10 -20 -20 4 4 -11 -12 1 0 -4 -20 -1 12 1 13 -5 -17 8 1 1 -2 16 -7 -7 5 -18 11
2 9 20 8 -14 -4 12 13 11 -4 -1 3 -6 1 -10 -2 -1 9 11 -14 -4 -5 6 3 3 16 2 20 15 -18 8 10 13 20 -19 9 15 2 19 -10 -9
-3 -10 4 3 -20 -14 13 -12 1 3 -20 -11 -13 10 -15 -20 -11 1 19 -14 -5 -7 -15 13 -13 -2 14 9 7 -16 -17 5 -7 -3 -13 6 13 10 18 -5 13
-19 -8 13 -2 20 8 13 -18 12 -1 -18 0 -13 20 9 5 -15 -14 5 20 11 -20 -12 15 -9 -7 1 14 -18 -9 19 3 -1 11 -1 17 -2 -8 -2 2 1
-4 -15 11 -7 -5 -18 -3 15 -20 -12 7 -1 6 14 13 -1 -18 -2 14 3 16 19 -13 -18 -8 10 6 -17 -8 -20 13 11 16 20 19 20 14 4 17 20 -5
10 -13 -12 15 -1 -4 20 -9 -3 -12 9 -8 5 -17 13 -15 -16 15 -13 2 -15 -20 11 -4 -18 3 9 -14 -20 5 -12 -18 -8 11 -6 2 -8 5 1 -7 1
-20 17 -17 -20 7 -8 -5 11 -6 -20 -10 7 -11 -17 3 -15 3 5 -5 -15 1 -9 -15 -20 6 16 14 -12 -1 -11 -5 -2 -11 -11 -16 16 -15 -3 -17 -13 10
-12 -18 -20 -7 2 -2 -20 14 1 3 -19 -7 11 5 3 -2 12 -16 18 -17 -20 13 10 4 13 -2 -13 6 -13 -13 0 20 -14 -5 19 -9 0 -12 4 -10 10
16 7 14 -11 -1 -3 -10 -1 16 -6 -9 0 9 9 -11 20 -8 7 -2 -17 4 20 -19 -2 -15 5 2 16 10 7 -9 -13 -7 -16 9 15 4 13 3 -2 16
-17 -15 -6 -12 -11 12 14 4 -3 14 12 16 3 15 16 -7 20 -3 4 -6 -10 5 11 6 11 19 -16 -1 14 20 -12 18 0 1 -1 20 11 4 -5 17 15
13 3 -19 -17 16 -16 -11 15 7 14 7 15 12 8 10 7 18 -18 -8 13 -12 -11 -3 4 1 12 18 -9 -15 19 20 -16 -1 -5 -16 10 -14 3 -11 9 -12
6 -13 7 -6 -9 3 4 11 10 -7 13 -18 16 2 -6 20 8 -7 -9 4 20 -10 9 4 -5 11 -18 -15 -15 8 -1 0 9 20 5 -10 9 -2 18 0 6
6 9 14 13 8 -10 4 -4 -1 10 -13 10 6 -7 1 20 16 19 7 18 -13 -3 -16 18 -2 4 -14 -8 -20 -4 -3 -7 -20 -15 17 -1 -17 18 0 1 8
3 5 20 -9 4 13 20 -7 5 6 16 -20 -5 -16 1 18 -9 5 3 12 20 7 5 6 -5 19 -19 4 9 4 -16 0 8 6 -10 -1 -18 7 -18 4 65 -10 14 -10 7 -2 3 9 5 12 14 -7 -18 16 -4 15 -7 6 13 -8 14 -19 16 -2 18 -11 -6 -5 0 2 2 -16 3 13 19 8 -14 -16 10 8 -4
8 8 19 -2 -15 -5 -12 -13 13 -10 -8 16 15 0 -11 20 -13 -10 15 -7 17 -10 0 11 -4 1 17 -9 16 -4 16 9 19 -1 -20 6 4 16 1 -7 1
6 -2 10 -14 13 13 -11 -7 11 10 7 20 -12 -7 -6 10 -11 -6 11 -9 -17 -9 -11 -5 13 -10 -10 -18 -19 -15 10 -15 20 -2 -10 4 17 -12 0 7 14
11 -14 -4 10 -15 20 10 -20 3 16 -12 -2 -3 11 0 -3 -17 13 20 -19 -16 9 -11 -20 -13 8 9 9 -19 -17 4 -11 18 8 3 5 15 13 7 -2 20
4 -20 -3 16 -19 3 8 -19 -14 17 4 20 -7 -13 12 -16 -5 -16 1 -20 0 -2 18 -9 7 17 1 -8 8 -13 -19 -4 8 -5 19 -1 -3 -10 -20 -15 7
-12 4 4 6 -13 11 11 -16 -15 7 -19 -12 9 -7 14 -19 20 -15 -8 18 -3 -4 -19 -5 11 -16 18 -12 -20 1 12 16 6 15 11 -2 5 13 20 -1 -19
15 1 -18 10 12 -3 19 14 4 -14 -11 -19 -8 4 10 -13 -4 -14 12 15 -9 11 -1 -18 13 -7 8 -14 -2 -5 -2 4 -5 -3 5 -20 -2 -9 8 -8 19
2 2 7 -17 13 -9 18 15 19 11 2 -10 -14 -8 -15 -8 -2 7 -1 -9 -6 -7 20 3 -5 -12 -20 11 -6 -7 11 9 -18 -13 17 -13 6 17 -3 -4 2
-18 13 14 15 -16 -19 20 -1 -6 3 10 18 -2 8 -1 -7 -1 13 -17 -13 18 9 -4 11 -6 -16 -15 -13 0 -19 -17 1 -6 -9 -11 6 11 -2 17 2 7
5 -11 -17 -1 -9 17 12 12 -17 7 0 19 14 9 5 2 -5 6 -18 -5 -20 -10 -14 -3 -9 -18 8 3 8 4 -18 13 11 2 13 10 7 14 16 -5 -2
10 -12 -5 -17 -4 -8 -6 5 -9 3 -17 -12 -16 -17 9 -11 9 2 9 4 -9 13 -17 -8 8 4 4 18 -8 -5 -15 4 11 16 5 7 -5 -5 4 2 0
-9 -11 10 10 16 11 20 -18 -10 -7 -11 -11 -10 -18 -13 -9 16 -20 1 -2 -6 2 -14 13 8 20 -14 5 9 15 15 12 7 -13 -3 4 -13 15 -18 5 4
-8 19 -9 20 3 -2 10 17 -13 -20 6 8 16 -3 -15 -15 -5 10 3 10 -2 -12 11 14 -8 0 -1 3 -17 -11 13 -5 6 18 5 18 -15 4 0 17 2
-9 -13 -17 -7 8 -6 -11 -13 1 -6 11 1 15 15 3 1 -8 -17 -7 17 -18 4 -6 14 -13 -14 -8 -14 13 14 3 -2 6 5 -13 -3 -2 -5 5 -7 -5
-7 -18 0 2 6 15 -13 -10 7 -6 7 -17 -9 15 -10 -8 -17 14 3 -12 -11 15 8 15 -12 3 4 17 20 7 -6 16 0 -9 9 20 -12 10 -3 18 1
-9 16 18 -18 14 -1 18 -8 6 -14 -14 -12 -4 -1 -17 -12 8 5 -19 8 20 7 -10 10 17 3 20 -16 20 -14 7 -17 10 10 6 10 -11 -18 -5 -2 -13
-18 19 -2 -14 17 -15 -11 -6 -18 -14 -5 -6 3 -1 0 -19 -8 8 -1 -17 13 14 4 -10 -3 6 19 -17 -16 -1 5 12 -5 17 11 -11 -7 -6 16 -13 13
9 20 5 1 -17 -7 -15 -12 -2 -8 -15 14 -7 4 2 8 20 8 1 11 18 18 -4 -10 20 -13 -14 -20 -7 -3 6 -14 16 -8 12 -19 20 15 -1 19 2
17 -5 18 -15 13 -4 7 17 2 13 0 7 -3 8 17 -6 6 -3 -1 -11 17 -16 13 2 14 -6 16 -12 13 -17 5 14 -7 20 15 -12 -16 10 10 -1 7
-2 -10 -8 -17 -18 -11 20 3 -8 8 -9 -8 -19 -10 6 -2 -12 -4 -14 12 -17 9 9 14 13 -1 -5 -5 1 -10 -17 12 -12 8 12 -20 7 15 -8 0 -7
-10 4 -11 -11 3 -11 5 -7 20 10 18 13 16 -1 20 -19 -17 -17 -19 -18 2 0 17 -14 -18 -20 -20 -2 -17 7 0 -10 14 20 17 14 -5 1 19 6 16
-10 12 -15 19 -12 -15 20 19 1 -10 15 19 -3 -10 11 -1 -12 17 12 -6 -14 10 -11 -10 15 20 -1 10 4 -1 17 11 18 6 3 1 2 15 0 17 -14
13 -8 13 6 1 -14 2 15 11 -12 -17 18 12 -18 -9 2 9 7 -5 -9 -17 -17 -7 -10 17 8 -1 7 6 19 16 -12 14 5 13 -6 16 8 10 17 -11
0 -9 14 8 -1 -6 -19 16 -12 15 9 6 11 2 0 1 15 -2 12 -15 -1 10 -2 8 0 -16 -20 5 -11 6 -20 15 19 -17 -18 14 14 -18 -9 12 18
-18 16 16 -4 4 -2 -15 10 11 7 -11 -4 -11 -15 -5 0 6 -17 7 8 -10 19 -18 -18 -2 16 17 -12 -14 -2 -6 15 -16 11 15 10 17 4 -16 -1 -15
-20 -20 -7 20 16 -6 20 -8 -2 10 6 -8 16 14 -15 -11 18 10 6 9 13 20 9 -13 0 -10 18 7 -17 -13 -12 2 -18 13 -19 2 3 -20 18 15 3
-11 14 -3 18 2 -18 -15 7 0 -10 0 20 -12 -3 18 18 -4 16 -17 13 2 4 -18 5 2 -1 19 20 -10 -4 12 -17 18 16 6 -17 1 17 2 17 6
15 -18 -13 13 17 -10 18 -14 6 -19 0 -1 -9 -16 -10 4 7 -18 15 3 2 -4 19 14 -4 18 18 15 6 -2 -20 12 -16 -9 -4 3 0 -9 -12 0 8
-20 -15 15 4 7 7 -16 6 6 19 16 -13 8 -6 -13 -11 20 9 -15 9 -8 7 14 -14 -18 -4 8 20 -2 -14 13 -4 12 -5 -15 3 13 -9 17 0 -19
19 20 -3 -10 -2 18 12 -13 14 -8 20 16 9 17 2 -18 -6 -14 -9 -1 -7 18 5 -17 -19 0 -15 -6 3 -17 1 16 9 17 9 -15 9 9 -13 16 -6
-2 5 -17 8 -10 -10 20 12 -7 -12 -15 -11 -13 20 18 -10 17 -5 0 -15 10 20 -15 -4 8 7 18 -16 -12 11 -13 12 -3 -8 -17 -13 -16 1 -11 -13 5
-11 10 14 9 -20 -7 0 2 -7 9 13 14 15 -10 -1 1 16 -6 -19 17 4 1 -11 8 10 -19 9 15 10 5 -2 -10 -5 -12 6 19 -18 -14 8 -8 4
0 4 15 3 3 14 -3 17 -15 -3 -7 20 -14 18 -4 -7 -9 13 -13 -6 11 1 -18 13 -19 5 -7 -11 0 -17 -10 5 -13 -9 -7 -16 3 -19 -2 5 13
6 -16 -16 -1 1 -17 17 16 5 20 -15 12 9 -19 -4 13 -3 10 -20 -9 -4 13 6 19 12 -5 -18 20 -6 -17 -12 -14 -12 -1 14 -6 8 12 -9 -4 -8
-12 -7 8 -11 8 -20 -6 -6 -9 13 -10 -14 5 2 -17 -6 19 12 16 -1 14 6 -18 12 -4 2 -10 11 15 -3 -4 8 4 -6 11 -9 9 16 6 5 16
7 18 0 5 -10 -10 3 2 11 -9 -18 -5 14 -4 -10 -9 -2 -11 14 12 -10 -14 2 7 -9 -4 2 -12 -18 -12 11 6 6 5 5 14 -14 -5 -15 1 -4
8 2 -14 8 -9 -3 5 13 4 7 8 16 15 -6 13 18 4 -16 -10 18 0 2 8 -5 10 18 11 -19 -2 -5 -15 -6 1 -6 8 -7 -7 6 -8 8 14