20 12 18 -10 -20 -20 2 5 3 20 9 19 14 3 -4 -12 5 19 16 -15 11 19 7 7 0 -7 -2 -15 15 -11 14 -7 -2 -14 2 5 -11 4 14 18 15
6 17 0 -18 -1 18 -18 -14 -3 -19 -11 0 14 -19 -3 13 17 11 6 19 17 -7 -16 19 9 20 -7 5 12 -12 15 5 13 2 10 -14 2 5 -16 9 16
-20 15 -5 -3 -4 -12 20 -19 17 11 1 -12 19 -6 -11 -1 14 -14 16 -18 -11 14 -16 -2 7 1 7 -15 -5 -10 12 8 7 -17 18 12 15 -14 -8 1 -5
7 6 -1 0 -5 -6 -8 9 -19 -16 -2 -18 -15 3 -16 -19 6 -18 14 11 20 8 -10 14 -19 9 -18 14 -11 18 4 0 -14 14 2 6 -11 8 -17 -6 -12
18 17 -11 -19 -13 20 -4 -20 2 -14 6 -17 8 -19 -16 -12 2 -19 7 -20 -19 6 -9 13 4 7 4 -5 3 -3 5 -9 -13 -16 -2 -5 -3 -15 9 -15 7
-19 17 -17 2 15 9 5 18 -2 4 18 -1 17 0 14 -8 -18 12 -14 19 -2 16 -11 14 -16 -1 20 -20 -18 6 -20 8 -12 18 19 15 -6 -19 -15 9 10
14 11 -7 11 -3 9 5 2 13 4 20 -3 2 11 -2 -14 -13 20 -16 10 14 12 -6 5 -13 -6 -3 -17 -4 -2 16 13 -18 -16 18 7 -7 15 -8 -12 -16
-7 -9 -10 -12 -4 6 2 -11 0 17 -12 -5 12 20 16 6 17 -14 18 -12 4 -2 14 11 17 -20 -1 7 1 10 11 -3 7 16 4 -7 6 -2 -17 20 7
-17 -9 5 3 -2 8 -7 -7 9 14 17 5 -18 -10 15 -8 -5 15 -1 0 7 3 7 3 11 2 20 2 -12 -1 4 12 20 8 15 -14 -16 11 -10 10 -5
18 2 1 16 8 -5 -8 -10 15 16 6 13 -2 1 18 6 10 18 0 15 2 -10 18 -5 16 2 10 2 -10 -3 0 16 -18 15 17 -18 -5 18 12 3 -17
-5 10 -20 12 17 -8 -20 -5 -12 -17 19 -9 15 14 10 -19 8 -20 0 -19 -17 5 -4 3 -9 -20 17 -1 -6 13 9 13 -10 13 -17 12 -4 10 9 -18 -10
-17 -7 -9 -6 -1 -16 -12 -16 14 -11 0 -7 2 -3 3 -16 9 14 4 11 -16 6 -12 -15 -11 -15 -3 8 -10 -13 -13 -19 -20 11 16 -18 18 4 1 12 -17
4 -17 18 10 14 1 -5 -3 -2 8 1 7 -2 10 1 -7 12 1 14 -8 13 5 8 20 -6 -17 19 17 19 18 -5 13 -4 -12 -19 -11 10 16 10 11 7
6 -5 6 8 -16 -12 -11 -2 0 16 4 -11 -5 -15 18 -13 9 -18 16 -20 -11 4 -1 0 2 14 -4 -1 10 9 -2 8 14 -9 10 -13 -18 4 0 -20 -13
-1 7 -8 15 14 16 -1 -5 6 -5 14 2 6 19 1 -3 -6 14 0 2 17 0 5 -7 15 -15 16 -8 -1 -14 -17 19 -1 -13 8 15 -18 18 -17 -13 -16
19 -19 -14 20 11 19 -10 -5 -4 -8 -17 15 10 -17 -11 4 -14 -12 -16 -9 4 -16 -19 -11 -1 -18 16 -4 4 18 14 4 -7 6 -15 -10 -12 13 -3 1 -17
-14 -1 10 -10 -15 -17 -9 7 -15 19 -12 -13 4 -1 -14 -11 2 16 -1 19 6 15 -17 8 -7 -14 -11 9 3 -2 7 10 -18 -6 1 -9 -13 -15 0 14 -19
-19 19 -17 -14 -17 7 6 -6 -3 -1 9 -10 -4 0 0 -4 14 -14 7 0 -20 -14 2 -11 14 3 13 -3 -18 -9 8 -17 -11 1 -13 14 -20 -7 7 0 -6
-11 -15 -17 -14 -14 -17 20 -20 0 -13 -8 -5 -18 -8 3 2 3 1 9 3 -13 20 -11 -8 2 8 6 3 14 -12 18 10 0 18 4 -9 0 4 -16 -18 19
2 -4 6 0 -18 -20 -14 -15 14 11 12 -20 0 14 -6 16 20 -11 -17 10 4 17 -9 11 13 -16 2 2 -8 -10 -3 4 10 -1 -9 1 -3 17 -15 15 4
1 17 17 -8 20 -5 -8 12 18 15 15 10 -10 -4 14 -5 -6 -11 4 -13 -11 10 17 -7 3 -12 5 -13 5 13 -14 17 8 3 -14 -18 -1 8 8 -5 -10
5 7 8 18 4 -2 -9 20 9 16 19 -12 -1 -8 -8 -18 4 -17 9 10 0 -11 13 -16 -8 13 15 2 -16 7 5 12 14 6 -8 13 -7 16 -10 8 7
14 -1 -8 14 -12 4 -7 8 3 -15 2 8 -9 16 15 -16 -15 20 16 -5 20 -13 -14 -19 -2 2 7 1 11 7 4 13 7 1 4 3 20 -20 13 -3 4
9 19 -14 -19 20 -3 -1 16 9 19 16 -7 3 -10 -19 -11 -10 -5 -3 19 -14 19 6 -6 9 -2 6 16 -2 7 13 14 9 15 -20 3 -14 -10 8 15 -2
-10 3 -5 -7 -15 7 -9 16 -6 -6 20 -17 13 -11 -1 11 -20 -9 10 -8 6 14 11 -15 1 -6 -15 9 2 -6 10 4 7 -7 -15 19 -13 -2 -5 -16 -17
-13 6 19 14 -7 -3 -13 -18 9 -14 15 16 -2 -15 -4 -16 -14 13 -11 7 -12 19 -1 -8 -16 -11 14 -10 -9 2 -2 -2 5 0 -10 17 15 0 -13 9 -17
6 17 -19 -8 -16 -13 -15 19 -12 15 7 -11 -13 -15 -18 -20 11 14 -12 2 -17 0 1 -16 1 2 15 -13 -14 -18 2 -20 -10 3 -7 -13 -3 8 11 -12 -20
13 -19 5 -1 1 3 -16 9 20 7 -1 14 17 20 -10 6 -4 -20 -19 2 -17 -8 14 19 -9 -14 15 20 -11 0 16 2 15 0 -16 -2 10 -10 -9 20 13
18 -3 -5 -12 -18 19 -2 9 0 13 -14 20 -18 -10 2 2 19 -10 -15 11 5 -19 -6 -5 -18 -17 -1 17 9 0 15 -5 -3 13 -2 18 -7 20 -9 3 2
-7 -2 -19 10 14 3 13 -7 5 16 -3 2 -9 -7 1 -7 -16 0 -20 5 -5 -10 3 12 9 -20 -9 -19 -1 9 -16 16 6 15 -8 -19 -20 9 20 -13 -3
16 -20 2 20 16 -17 -14 2 15 -3 7 -2 -8 -6 3 3 -3 -19 -8 11 -4 -6 -5 19 -5 10 -4 14 -6 17 -1 -18 -7 -14 18 20 -19 5 7 14 17
11 -13 4 7 -5 -2 -18 -17 8 4 -10 11 -5 -9 11 -9 -11 15 -10 12 8 -8 -5 -7 -3 7 -7 15 -6 11 -14 -8 2 -15 5 -15 -7 12 3 4 -20
1 -9 -11 2 -7 10 -13 10 4 -19 -12 -4 18 -15 -17 5 -7 5 0 -19 1 10 18 14 -17 -8 7 8 -1 14 5 17 10 -13 17 18 -9 5 -10 11 14
16 4 16 5 -10 12 -12 5 -9 20 6 -19 1 -18 6 -14 -8 9 -20 7 -17 12 16 -2 -1 1 -6 -13 17 18 -10 8 15 -1 -17 -8 -16 -16 -8 -9 2
8 -10 13 9 1 18 -13 18 7 20 -14 -6 6 0 -11 2 2 4 -8 12 -4 -19 12 -11 18 1 -8 -17 9 -5 11 -8 17 -9 -17 12 -2 7 19 -3 -19
15 14 19 10 17 19 -7 12 -16 -7 -5 1 20 -17 -11 -13 18 16 7 1 17 14 19 20 -15 -16 9 17 8 13 -1 -19 0 1 -11 4 9 -11 -9 -17 -5
-20 -12 3 16 16 9 15 19 17 -20 -17 16 13 -17 12 -14 5 -12 -15 2 4 18 8 5 1 -15 2 -14 -2 16 -5 -16 20 13 -5 -19 17 9 15 16 1-18 -15 7 8 7 6 -18 -19 -18 17 4 -3 4 -11 9 16 -4 7 -13 -5 -8 17 2 3 11 -5 -10 -11 -8 13 -16 20 14 -17 -14 -7 -5 15 -20 6 -8
-1 -4 14 -7 -3 10 -4 15 0 6 3 3 17 -12 -17 -13 -16 -3 12 -11 14 -14 5 15 -13 18 -8 2 -3 8 -18 -11 -14 5 13 8 4 19 18 12 15
7 -14 -7 -16 0 4 19 -2 7 19 -20 -2 -15 -12 -6 -9 -15 18 20 -16 -18 7 19 4 11 -16 -3 10 -2 -5 4 12 -2 18 -4 3 0 7 15 4 -9
-20 17 -18 -12 -5 20 16 -16 -15 -16 -9 14 5 -12 1 -6 14 15 13 20 -7 -13 -9 -6 9 -8 -20 -14 3 20 -9 4 18 -2 11 -11 6 7 16 -12 1
8 -14 10 -15 -7 17 -9 13 19 -12 1 0 -5 18 -10 18 11 14 4 15 -3 3 7 6 18 15 -18 -6 2 -8 6 -13 17 -15 -12 -10 -1 -3 -3 17 -7
16 6 -4 -15 -8 -3 -8 19 1 15 -7 17 3 -3 5 -13 8 -13 -1 5 1 -16 11 -1 15 7 13 15 -12 -20 16 9 -6 -7 3 7 15 -10 -20 4 -1
9 -14 -1 4 -6 -16 -14 13 -3 1 16 -4 18 14 -2 11 18 4 -16 16 6 -6 -3 -10 -13 16 -12 10 -16 9 -20 -15 -15 -15 19 -17 11 19 -13 -13 -9
-5 -5 6 15 6 13 -9 -17 -9 3 -6 -4 6 -10 -7 -4 17 1 -17 -4 -7 1 13 11 -8 -1 4 5 -17 -1 2 3 -15 6 6 2 7 -11 -1 -15 3
-13 -3 -4 11 -13 20 -1 -15 -17 16 8 -11 6 4 16 -14 11 -1 -15 -14 -4 -17 -11 18 14 17 -12 -18 3 4 8 12 -5 10 14 18 17 -6 8 8 19
1 -2 5 -9 -20 0 -7 3 6 0 11 11 -13 16 -13 -15 -20 9 20 -9 -5 -20 13 4 12 -3 20 6 9 11 -12 20 -7 16 -10 3 -3 -4 14 -1 15
-17 -10 0 -3 -17 20 1 17 11 8 6 -14 18 -11 17 0 -3 -4 -17 -3 -14 11 15 -1 2 5 -7 2 -9 -10 5 14 20 -4 -16 14 -10 -10 -13 9 -19
-18 -7 3 -10 -16 -18 3 1 -13 17 2 17 -12 -15 -12 6 -19 -9 -3 14 -2 -4 -14 -6 2 12 6 -19 20 12 -10 -19 20 2 -1 -4 -19 -17 1 -12 -16
18 -19 10 17 -2 -17 -12 6 6 -16 -4 -12 -8 19 11 -16 -8 -20 10 13 -16 5 10 11 -8 -16 2 -2 -18 8 16 -6 -12 -14 14 6 -12 -9 -16 5 -3
-14 0 6 14 -17 8 5 -4 1 -13 -18 -16 8 -7 5 13 11 17 6 -6 -14 -14 3 -5 4 18 12 0 6 -4 -13 1 -11 -9 18 1 10 16 15 16 -13
15 -13 8 3 15 -19 1 15 -15 -2 -10 5 -18 -10 -2 9 -15 5 18 -18 -13 -6 1 -10 10 6 18 3 5 1 9 9 -3 5 -16 -3 1 -9 -14 -11 -3
16 -17 -10 -7 -5 3 18 13 4 -6 0 3 11 -7 12 -14 -8 -9 11 -7 -11 -5 -1 -9 -8 -10 2 10 -8 9 -2 13 -1 9 3 5 -19 4 -5 19 15
-5 -18 8 -19 8 8 -19 0 -18 3 14 -2 8 -1 2 -3 6 18 5 -12 19 8 -4 19 20 5 -14 -10 10 6 -9 8 -12 0 5 12 -7 -2 1 -3 -9
-8 -3 17 -11 1 -9 19 1 -6 -16 3 -1 -18 0 6 6 3 0 17 -18 8 -17 6 -1 8 1 17 -12 -12 -12 -16 -3 7 -17 -18 3 -2 -6 -16 -3 1
-8 6 -8 -9 13 10 -12 12 -10 14 -4 12 10 -11 -20 -14 -18 -6 17 12 -5 -15 -12 20 -13 13 -1 -4 -9 -1 -7 12 16 -7 -20 4 -18 -19 19 -8 19
12 -3 0 3 16 3 -9 -2 -9 -20 -5 -19 3 -8 1 3 13 13 7 -1 -14 -4 3 -12 -11 19 8 -8 12 12 12 18 17 -3 -18 10 -15 -17 -6 14 8
19 -1 12 -15 0 4 -10 11 11 -6 -5 -13 -6 -6 9 13 -15 -18 -20 11 11 12 -11 14 -18 19 -20 -18 -20 11 -12 11 -17 -13 -18 -1 -12 -13 9 3 -13
-1 -8 8 20 11 1 -2 12 16 -2 20 10 0 -15 -14 -15 20 -11 -9 1 5 -7 -17 -11 -13 -1 -7 13 9 13 -1 -19 -15 10 -5 -19 -4 -12 -15 -14 1
-7 -12 -10 -5 12 0 6 13 -1 1 -17 16 13 2 -7 -14 -19 14 -20 5 -13 -8 16 11 9 17 -2 -16 16 -9 6 8 -2 -19 -2 16 -6 -2 -8 3 11
-16 -11 13 -9 0 -18 -6 -5 -14 -15 -1 -4 -8 -18 -6 18 19 -4 20 12 1 -2 -11 7 -16 7 -7 -16 -17 15 14 12 5 -1 -2 7 -7 17 10 9 5
-11 -19 11 18 -16 15 -4 14 -6 6 2 6 1 12 -5 6 -9 13 -10 5 -3 -1 5 -19 4 -4 -16 -18 -6 -1 18 0 10 -13 -14 -19 9 -1 3 0 13
-14 10 -3 -14 3 -16 3 0 16 -11 -8 -4 -11 12 -4 -2 11 -11 -1 6 -14 19 -1 15 -5 2 -6 14 -13 -3 -8 1 10 -2 -3 7 4 19 17 -4 -3
-13 -20 -2 16 -14 -1 -20 -3 10 -4 9 -3 1 19 3 18 5 7 -3 -1 -4 -1 20 18 -11 3 16 -19 2 20 1 15 -15 -15 1 2 -12 -4 13 7 -5
-11 -11 -2 -14 1 -4 -14 14 -5 -3 -11 14 17 3 5 -6 15 14 4 8 16 -16 20 -8 3 13 10 3 10 12 -20 -3 15 -14 -19 20 18 0 -1 1 -14
17 7 19 7 -15 11 0 -11 -13 16 11 -20 -9 -6 -1 1 -6 -3 -19 6 -18 -6 4 14 -1 9 -3 19 15 2 2 10 18 -2 9 6 0 14 18 11 1
3 -19 10 -15 -16 -12 19 -13 -1 17 -9 0 4 -16 -7 4 3 -17 -15 11 -17 4 -7 -16 -18 -17 8 -2 -10 12 19 20 18 7 18 4 -20 3 -7 11 -5
-13 -9 7 3 18 17 1 5 -8 -15 -6 4 -8 -11 12 10 -15 18 5 13 19 -13 -8 -16 17 -20 -10 9 -1 -4 -4 -6 15 6 -7 15 18 8 6 -10 18
-8 9 2 19 -7 7 13 8 1 16 3 -19 17 10 -17 -15 12 -8 5 -10 16 -4 3 -11 6 6 -8 7 14 -11 8 -18 4 -9 -4 16 18 16 18 20 -18
-3 -18 -8 -5 -19 -14 -19 -9 12 4 14 -19 12 -3 -1 -2 18 18 7 -20 7 16 5 13 -6 -13 20 -5 -18 15 -17 -20 18 10 20 15 -4 -6 -1 9 16
-1 20 -10 7 -14 -5 -5 1 10 3 -7 0 6 -5 2 3 -2 1 -6 7 -13 16 0 8 -5 0 4 1 9 -7 10 -15 12 10 -16 -6 12 9 -13 8 4
3 12 4 -9 -20 19 -16 -20 -9 -6 -1 20 -19 6 -11 17 16 -6 -5 -12 -13 10 14 -17 17 8 -14 17 -10 -6 3 6 -10 14 8 -2 3 -4 12 11 12
17 17 -16 3 -2 5 -7 16 7 19 -10 4 -19 -12 -3 6 18 -10 -7 -18 -9 -2 19 -3 16 3 9 8 12 2 -15 -18 1 -4 12 -10 -16 -11 15 9 8
-15 8 -12 -14 -9 3 15 -1 -18 10 -4 -2 -5 -16 13 19 4 -5 16 -11 -12 8 15 6 11 17 -2 -7 -13 -20 -1 9 -11 -13 -16 -5 -4 16 -1 9 -9