8 -15 0 -18 19 8 19 -12 17 12 10 -20 -20 -7 -6 17 2 3 15 -19 -6 -16 18 -8 -1 -10 4 18 -2 -3 7 -9 -12 12 3 -11 16 -11 9 -15 7
9 1 16 0 -8 -1 20 5 -18 18 -14 11 0 -12 -5 1 -10 4 4 3 -12 -5 -9 -1 -20 -20 19 6 -15 -19 -8 18 -1 -6 0 4 5 13 2 -5 5
15 -5 12 7 -13 -14 -4 1 -3 -17 -18 -14 14 8 11 12 -8 -10 20 -3 -10 -12 12 -11 6 12 14 12 -12 -7 0 -7 -5 11 -20 -16 -4 15 20 -8 -17
13 -14 8 -18 19 19 2 -10 16 8 11 16 17 15 5 -16 -20 2 -17 -5 -10 4 3 6 -8 -1 -8 -1 9 15 7 20 0 15 0 -5 3 18 -1 -11 15
9 -3 11 -12 -14 -14 -19 -1 -12 1 -14 -16 19 -13 18 -14 20 10 -7 5 9 -5 -1 -19 -6 -13 -5 9 7 19 -9 14 -14 -10 6 7 -17 -17 -6 -19 -9
-13 -9 -16 18 -13 14 3 -10 -12 -2 -11 -8 -2 16 6 7 -19 20 -4 -19 3 -10 -18 4 -1 -4 -19 20 13 -14 2 -5 -5 0 0 9 7 9 1 -1 -3
-17 -8 5 -3 -12 17 -5 13 20 -14 12 -3 -12 -20 19 -17 -13 3 -17 -10 -6 14 -18 2 10 7 0 -14 -9 -1 12 -9 11 0 -7 10 6 18 -10 -4 3
11 -8 6 -18 -1 -1 -12 16 12 8 8 20 10 7 19 19 -8 -10 10 12 -13 3 14 17 -5 -12 0 -16 10 -19 7 7 14 -3 -15 2 11 -8 14 -13 20
3 9 -5 -15 3 -3 -19 -9 19 0 2 13 13 11 1 -12 7 14 -18 8 1 6 18 14 -20 -8 -17 -8 -17 -19 13 -7 5 -1 -5 -9 20 -16 4 -19 20
-18 15 -15 -15 -20 19 -13 -12 18 -3 -20 -16 -8 -20 16 14 4 11 19 -8 9 -18 -17 3 -14 -16 4 -18 -5 19 -15 -10 -3 5 16 10 15 -8 15 5 -14
9 -8 -3 6 -16 -9 -3 -13 3 14 15 -13 -10 6 14 -12 -19 16 18 -15 -1 -19 -16 14 2 -13 -6 5 9 -18 9 12 14 -13 15 3 -14 -16 -9 -5 -11
9 -6 10 -8 12 -19 -10 13 -4 18 -13 0 -12 0 -8 -8 -19 -19 6 -5 -10 -9 10 -5 19 13 12 6 11 -4 -3 -18 -10 7 11 19 3 15 -15 -12 -12
-7 -3 -5 -8 -1 1 9 -2 -13 14 11 -9 -7 19 -19 -7 7 -4 -18 -4 1 -11 13 -12 6 2 8 17 -14 10 -1 7 12 17 -2 -5 17 -1 -8 -12 -17
-9 -1 -1 -9 -11 5 -11 6 5 -7 19 12 -6 -12 -10 -18 6 -6 -3 13 13 -11 -13 -15 -10 -11 10 11 -6 -17 -2 16 -14 -19 -16 -1 15 -7 -10 6 19
-18 -20 1 3 -7 -5 13 10 8 -10 9 11 -19 -19 11 20 -6 9 12 2 -11 -10 -12 -1 6 -15 1 -7 -7 6 3 -19 4 -7 -20 -10 15 -14 -3 -11 2
12 4 11 -2 1 3 2 18 -20 -16 -5 -20 10 -20 7 2 -4 14 -12 -8 19 4 -7 -11 15 -17 -2 1 -4 18 9 4 7 5 -7 14 -18 -19 -7 13 13
-9 19 -12 -2 -3 1 20 2 16 19 -18 3 3 8 -16 17 -10 -20 8 8 -20 1 13 18 13 14 3 10 -14 16 -10 13 4 -1 -8 -13 -20 14 12 6 -1
-13 0 -7 19 16 3 3 10 5 14 -18 19 14 5 -18 -18 -19 10 5 -19 -18 -16 10 16 -3 14 14 1 -15 -19 -3 -3 13 6 16 -10 -4 1 -5 -2 -10
-8 7 9 20 19 19 2 -15 -17 19 -8 2 -16 7 5 6 8 18 7 12 -7 8 -10 -16 15 8 -18 -14 3 -19 16 -6 -5 -16 -6 15 2 19 18 -7 19
2 -20 -7 9 18 12 -16 -3 -17 4 0 -7 19 -2 -6 20 4 12 -2 -2 7 -11 -4 19 -7 12 -12 1 -15 -20 11 -3 10 -5 19 4 14 20 13 -16 -10
20 -14 18 8 17 19 -11 -2 -10 12 11 -10 -20 7 5 13 -20 14 -10 -1 -6 -10 16 6 18 -18 -13 16 -7 -20 -1 11 12 12 -18 -19 18 2 5 3 19
-12 4 -17 -2 -17 13 20 19 -3 14 -10 2 6 4 -18 5 -20 11 -9 -18 10 14 4 -5 -2 -1 17 -19 -7 -15 -13 0 -10 0 7 -10 -2 -1 -19 -17 -7
9 -1 -20 9 -14 -3 -12 -1 20 -12 8 20 -2 -16 -6 -20 -19 10 -9 13 -5 6 9 -10 -9 -13 -4 -13 -6 14 0 -8 2 -1 -10 -17 8 -18 0 -2 -12
-12 -4 20 0 -10 -6 -6 -6 6 -17 4 -13 -3 1 -15 -8 -14 9 18 -6 12 -2 7 -20 20 17 -5 -10 -2 -15 1 12 -20 7 0 16 -19 17 10 -9 -9
-9 6 12 4 16 0 -11 -7 -8 11 15 -4 -16 5 3 -13 -3 -7 -18 -12 12 14 -17 -19 -6 -3 8 7 8 -15 -4 -7 -5 5 -7 10 -3 -1 -11 -4 7
-11 8 -13 20 -7 -6 14 -18 -1 12 -8 13 -20 12 9 -10 0 -9 0 -11 -9 17 8 0 -17 -19 18 -12 13 0 7 -10 5 1 19 -1 19 -16 -17 9 -3
-17 10 -20 -17 -3 2 -11 3 -20 -6 -2 -15 3 11 0 -20 -19 -20 6 -11 0 -3 17 -12 -7 20 14 -18 -13 -4 -13 2 11 -18 -11 5 -10 3 19 -18 12
-2 16 -12 10 7 19 -2 20 10 16 -9 -7 -1 -18 -2 -12 14 -20 18 2 4 5 2 -5 6 -13 11 15 -15 -14 17 16 -17 -1 -20 -4 -2 5 16 1 13
-4 -12 -1 14 0 10 2 14 14 5 -9 20 3 -16 -16 -7 15 -19 -16 20 -19 -17 -15 -3 4 7 3 -10 7 12 -3 -17 -6 20 6 19 -17 -5 1 12 -3
-1 -14 10 3 -4 12 -2 -20 10 5 -18 12 9 11 1 9 -7 14 16 0 -6 -3 -14 -2 8 -9 -20 -10 2 -19 -6 -7 16 6 -18 -9 -1 -1 -1 -8 20
20 1 -11 8 -20 12 -1 2 11 -6 14 -5 10 0 17 14 17 7 18 2 12 -20 17 -6 6 -7 -14 0 1 1 -10 -4 7 14 -19 18 -18 -3 3 1 -3
-14 4 -1 7 15 19 3 17 8 -18 -8 14 17 -19 -6 -17 2 15 -10 -19 -19 5 -15 -7 -9 -17 -17 8 9 13 7 -16 14 1 8 -8 6 13 11 -18 16
11 6 -5 9 10 -1 6 -15 -3 -7 -5 -2 -4 18 -2 -13 3 5 -8 -8 -6 11 15 4 9 -12 15 -3 19 7 10 -2 -13 14 -11 8 3 14 4 -19 -2
-11 -16 16 16 -5 -17 11 5 1 -20 -10 8 -1 -7 3 -13 20 0 -2 -10 -18 -4 -15 8 -11 -1 -6 11 7 14 16 19 11 -18 -18 -3 18 -1 -14 12 9
10 4 -15 -10 -10 7 15 -2 2 17 7 -12 7 -15 -20 -14 11 10 4 -14 6 10 -1 -4 -15 -9 -15 11 -7 19 -15 -13 -8 -9 4 -14 4 -3 -8 -9 15
9 5 12 3 14 -4 7 -19 9 -13 16 -2 -9 6 -1 14 5 2 -13 4 1 17 9 -18 -8 -14 -4 -12 -14 -9 -8 11 17 -18 12 -20 16 11 -7 -16 -11
0 -20 4 7 -5 -20 14 -14 16 6 3 12 16 -11 2 -17 11 -9 17 19 -10 3 4 13 3 -19 -19 4 -20 14 14 -16 -11 -14 9 11 3 -7 -14 10 -13-6 -3 12 -11 -9 -16 -2 -13 13 -17 18 15 -7 1 17 -12 -15 -10 -7 0 -9 -17 7 12 -12 -7 18 -3 10 1 19 4 -16 20 11 6 -13 -10 7 -12 16
2 -15 11 -4 -2 18 -8 1 -7 -4 8 6 -16 -13 -16 11 0 -18 15 19 0 -11 -16 -5 19 11 -15 13 9 -20 16 8 16 12 15 -8 7 16 7 9 -12
12 18 11 9 -7 -1 19 -16 15 8 -4 -14 -11 -16 12 10 -6 4 18 -8 -11 -17 -16 -15 8 -9 5 10 20 2 -20 6 -15 -11 -11 5 -20 3 -17 -19 -3
3 -1 9 15 -13 -14 11 14 -16 13 3 1 17 5 -8 -4 19 -13 13 11 16 11 -11 -9 -15 15 12 2 12 1 0 13 20 10 20 -16 10 15 -20 6 -17
-6 -5 4 11 -15 11 17 -16 7 2 -18 12 12 6 17 -7 16 -9 1 -7 15 19 15 -13 8 10 17 13 1 0 19 1 -4 -1 -4 -15 -17 -7 3 -12 -19
-19 4 -13 -6 -9 5 20 -2 0 -3 2 -2 -3 18 -19 -16 8 19 -8 16 9 14 -15 -7 8 -8 7 15 11 4 3 -14 17 -17 -11 -15 7 18 1 11 12
-18 18 8 8 -12 6 11 -14 -16 15 -18 -5 3 4 -7 15 9 -18 0 16 -19 14 8 -7 -17 -8 -4 -15 7 -8 -15 -4 10 -12 -14 0 -4 9 -15 0 18
7 12 12 15 13 10 -4 15 11 -4 0 20 -9 15 12 1 19 6 -10 4 4 -1 -2 20 -3 -17 -6 1 -12 17 -13 -16 -6 -9 -7 -14 -6 -19 -10 14 -13
-11 -9 9 -20 2 19 -13 -14 7 -20 17 -17 -17 -10 -15 10 -7 -10 2 0 -10 16 -6 2 0 -9 -9 -16 -10 -6 7 -15 5 -8 12 -10 6 -18 -5 9 -9
17 -9 -18 6 -6 4 9 -20 -18 12 -17 9 9 11 18 -16 8 -11 -19 0 2 -17 6 5 8 2 15 5 2 -16 12 -3 0 -4 7 11 -20 -19 19 -17 1
-12 18 -14 1 -2 -14 1 14 -5 11 17 -17 6 -10 19 -10 9 14 -16 -12 17 5 18 -12 -20 12 -19 -15 -4 12 13 -2 -15 18 -8 13 -7 9 10 12 -5
3 9 3 2 -16 12 -3 -9 -1 -7 4 2 -9 -14 7 -19 12 17 3 16 -11 -9 -7 -16 7 11 -13 -11 -9 1 -9 1 -8 13 7 -3 -14 1 -15 14 -13
1 -5 -5 3 -12 -16 -4 -8 -7 2 -16 3 -20 1 -8 18 15 -10 -8 -16 -17 13 -2 -19 20 3 -16 -2 -8 16 10 -6 -11 -17 14 9 -14 -19 8 -6 17
15 14 19 5 -17 12 17 -11 -6 -4 9 -14 -6 4 6 20 -5 9 -12 -13 -17 -4 19 12 11 5 -13 -13 1 -16 20 -3 9 8 -18 -14 10 11 3 -3 -20
-2 -2 0 18 -18 -13 -15 -12 9 -7 15 -17 15 -2 17 17 0 -8 16 16 8 12 4 19 6 3 -3 9 -7 14 -13 17 -20 -1 -12 7 -11 -20 5 -5 11
18 -2 -15 -4 -2 20 12 13 -10 -13 -10 -7 10 7 17 18 -17 7 19 9 13 -3 -15 -14 5 -12 -6 7 19 -20 3 -19 -18 4 2 20 2 13 2 3 -11
-13 -20 5 -6 3 9 -4 14 -2 10 -15 -20 -17 17 5 5 7 5 11 11 1 11 -4 -14 14 19 -3 -5 16 -18 19 7 -1 5 20 -4 -4 -8 -10 -10 -4
-6 2 11 -16 18 11 -3 -8 19 -4 -4 17 -5 16 11 -15 -16 -17 6 -5 5 10 -17 -4 9 -5 -19 -10 -1 3 5 3 -8 11 20 -19 20 -7 14 5 -9
-2 6 -16 -15 -11 -3 -16 -20 -13 7 -20 15 19 -4 -16 17 -2 -15 -13 -8 -10 6 15 -6 16 -5 -3 6 17 13 0 16 12 5 11 -14 4 -16 17 2 0
1 13 -2 3 -8 15 6 18 -11 5 9 -20 14 12 -7 5 -17 13 -18 7 -19 11 10 5 -20 -1 5 7 -2 2 -19 10 -7 17 -20 10 -5 -4 -16 0 -5
19 -19 7 -1 -16 8 13 -11 2 -1 8 9 -1 -1 17 -4 16 -1 -8 -9 14 -18 13 3 -14 -16 -6 4 4 -8 -4 19 4 -18 3 13 -4 -13 3 -19 1
-17 2 17 -7 -19 -11 8 -12 7 -7 -5 -9 -14 -1 19 -12 -2 -19 8 0 11 -19 -7 -3 12 -5 4 15 2 -10 19 19 -20 -9 -8 4 3 -3 -4 10 -4
-20 17 15 8 15 19 13 12 -15 -9 -19 4 -10 -13 -16 1 11 13 -1 -10 -10 8 3 11 -10 -20 -19 -14 -20 -1 -7 12 14 16 12 0 13 3 -11 -11 0
-19 -3 -8 -17 20 12 -3 7 -1 -12 1 1 18 -13 -1 9 -19 -7 -15 12 -1 7 18 5 -14 2 14 -6 12 -2 5 5 -1 1 -7 8 11 3 5 -17 4
-20 -16 -18 20 -2 -8 -6 10 -1 4 -7 3 -11 1 11 3 15 6 -14 4 5 -14 1 7 15 17 19 6 16 7 -3 10 18 -12 -3 4 6 -6 13 8 -13
-16 -10 -4 18 17 5 12 -20 -10 -16 3 -3 18 -17 2 -9 15 16 -3 -9 7 -11 -5 10 5 5 -6 -10 13 8 18 -4 -19 8 8 17 4 4 18 -6 6
-10 19 -20 -16 12 10 19 3 7 15 -7 -17 -4 15 -16 3 17 -12 18 -6 9 -10 -1 20 -17 -14 -15 15 13 -13 15 20 9 2 -20 4 10 12 6 -2 0
13 4 -13 -2 19 -17 -10 13 5 -16 19 -7 13 14 -10 15 5 11 -12 -17 10 -9 17 -7 -19 -12 11 -11 14 -19 -7 -3 1 -17 5 -14 11 13 7 0 -20
15 12 12 -20 -15 2 9 0 -3 7 14 18 0 -17 9 -10 10 0 18 -6 2 2 14 -2 8 -8 -2 -19 8 1 11 -19 13 -10 6 6 19 -19 19 7 -14
-2 -7 -3 -9 -5 17 -10 -10 -19 9 5 -14 0 20 -6 8 -3 -5 -6 -12 -15 -11 -8 -13 -17 4 -6 6 -20 11 -2 18 -15 11 -11 -19 -3 6 -1 9 -6
-8 17 1 -14 1 11 -5 -13 -4 -15 -2 4 15 16 5 -17 -20 17 -3 -3 -17 7 18 -2 10 -4 -10 9 -9 17 -20 19 -19 12 -7 -1 18 -12 2 -14 2
8 -3 -16 -6 -13 -8 -7 -1 0 14 4 6 -9 -18 1 -6 14 -3 -4 16 -20 -16 -7 10 12 19 1 -18 -10 -14 -17 18 4 20 9 16 -18 -6 -2 -1 8
3 -12 4 1 3 -19 18 5 11 1 -2 -8 16 -5 -5 1 8 -3 -3 13 14 12 20 2 8 -8 -10 19 3 -1 4 9 -2 2 -4 -20 -10 19 3 -17 -7
-15 -7 6 -8 -9 3 -5 -15 -18 20 2 19 18 7 -7 6 19 2 2 19 15 12 -2 15 -1 13 -14 10 8 7 -13 4 18 -1 -18 -3 5 -1 17 -18 -16
-8 -20 6 -19 -4 20 -11 3 -1 17 -9 -2 -3 -13 1 14 -8 -13 16 -2 3 -4 8 4 -10 18 17 18 5 19 -6 -10 10 -5 9 5 -13 -12 -12 -20 -17
-14 12 9 20 13 -13 -8 -9 -4 -6 -3 17 -17 13 8 11 8 -20 -3 11 5 8 -18 -5 17 -20 15 -3 11 -15 -8 -10 -5 -10 3 -9 -17 -15 17 -17 -10
-20 7 -18 17 3 19 2 -1 0 -14 16 0 2 -2 11 18 -10 11 -15 1 -15 -10 18 -4 15 14 5 15 18 6 -7 -20 -1 16 -19 -3 2 -13 13 8 20