15 -7 7 9 -4 12 14 10 0 11 -10 18 17 2 -1 2 -8 3 -16 13 -6 8 19 10 -3 4 -16 -10 -5 -3 2 16 7 -13 17 -9 -12 6 0 0 3
8 -14 10 20 -14 13 -11 -19 -10 -13 -4 19 -2 8 -12 -20 14 4 -16 18 2 -7 2 -13 0 11 14 -8 5 10 2 -17 -7 16 -19 19 19 19 -1 17 -15
11 -15 19 14 -11 13 -15 6 2 -12 -19 -12 -7 -20 3 -15 4 9 -20 13 -11 14 19 -7 1 12 -17 5 4 18 -17 9 -18 5 5 -8 7 8 -13 -7 -12
14 0 -17 -7 -18 5 -11 15 14 7 12 9 6 -6 -13 3 -11 20 -5 -17 18 -7 11 6 3 -13 -2 -13 12 -14 3 18 5 3 -14 18 3 -20 14 4 17
-3 8 14 20 -13 -19 -7 18 10 14 -13 -4 -15 13 -15 -5 4 10 4 19 -17 -11 -5 -3 12 9 -16 -6 6 8 -18 -15 9 20 -6 3 -4 -3 -4 0 13
16 -4 -19 0 -14 3 13 -17 -15 14 -4 1 4 -5 -9 -15 -8 4 -18 -16 -19 4 -15 -12 -9 -1 20 -4 10 -14 -3 -18 18 19 13 12 -17 0 13 -17 5
6 -11 -14 0 17 -18 10 -6 2 -2 -9 -9 12 -13 -4 -8 13 18 5 14 -5 7 -12 18 -1 -8 -15 -2 -14 8 -19 18 9 13 6 -12 14 6 7 -9 -18
5 -10 3 3 19 7 20 6 -6 -4 -8 -1 -5 -1 -2 12 -3 -15 -3 -20 -8 14 14 3 -9 17 -19 -17 9 7 14 14 -15 19 -3 11 -2 -20 -6 12 -18
-4 7 9 14 -13 10 7 -1 -10 0 -19 -19 10 3 9 13 -2 -17 -12 14 -6 -14 -5 -14 9 -4 5 -8 5 14 15 19 -10 14 -15 12 15 -15 4 -13 12
14 11 15 4 9 1 -19 -16 18 15 -6 -7 -10 -11 -19 -10 -2 18 -16 -17 16 8 1 7 10 -8 -18 0 -6 3 12 -2 18 -12 20 -19 0 15 3 16 9
6 12 15 -14 -15 7 -1 -4 2 16 -11 18 2 -1 -20 -12 15 19 8 -4 -16 9 17 -17 -9 3 -7 5 -12 5 -8 -16 1 9 11 13 -16 9 -8 -4 -5
-8 2 19 -16 4 10 -14 -10 -5 4 -13 -7 10 -12 14 -4 -7 -20 3 13 7 3 -16 -10 -9 -20 12 -4 -12 -4 3 -9 -11 -7 9 -11 -9 -19 16 0 6
10 10 -3 -14 2 13 1 -3 -15 -16 -15 11 16 -3 11 -11 14 -15 16 -4 -6 -9 -2 -8 -13 -7 -5 14 10 13 -5 -2 -14 3 -16 17 -19 15 0 18 11
-6 -11 -11 -20 0 -12 11 8 1 12 1 -20 -15 15 0 -15 8 -3 -12 -9 16 9 -14 6 7 7 -3 4 -6 17 -11 0 -12 4 -5 -11 3 19 16 18 4
-15 8 0 -11 -18 -14 -7 -13 6 -4 -6 -8 18 13 -17 3 20 18 -10 -8 14 7 -11 4 -7 -5 5 4 20 -4 -1 -15 -1 -13 15 16 11 -8 -1 0 -10
1 17 -14 -16 -8 -7 8 12 -1 12 -20 5 -3 -10 8 4 10 7 -17 18 15 -18 6 -11 20 19 -4 -20 -2 -5 6 17 15 -2 -15 -4 9 -17 2 6 -1
7 9 -14 16 -5 6 13 4 3 15 -6 -5 14 -1 10 -3 -13 3 -9 18 -8 -8 12 15 -18 11 -10 9 -11 7 -11 -3 11 -16 17 -6 6 16 -17 12 -11
-9 -7 18 -2 -13 14 8 17 3 3 -5 9 -12 14 19 -8 -19 6 -2 -19 8 9 -4 -17 -2 7 -13 -17 -7 10 11 19 9 -16 3 18 18 -17 15 16 -7
11 14 6 -11 -11 -11 3 -9 8 9 -7 -10 9 3 6 -12 12 -17 -14 17 -8 18 12 -16 -13 14 -6 -8 -14 11 9 -12 -19 5 18 -6 -17 14 6 7 19
-5 -20 -3 -8 10 -6 11 19 -5 -20 -7 -7 -3 -4 3 8 10 -20 -10 -3 13 18 17 -1 3 9 -7 0 -17 -10 -10 -11 11 -3 -19 -14 -20 17 9 -14 16
15 -3 -3 16 5 6 4 -14 -6 -2 -14 20 -7 7 -13 5 -16 16 -7 6 1 12 15 0 14 5 -4 -16 -20 20 -9 3 -11 -6 -17 4 -11 13 14 3 -13
-16 -7 5 6 -3 2 -3 13 5 -7 19 18 -6 11 1 -10 12 -20 -9 -8 16 -18 -11 -19 -5 -6 -7 7 -1 -1 -8 -3 -1 -2 18 2 0 -11 8 -9 -18
-15 -18 -18 -12 -16 -1 -11 14 -5 8 8 3 -8 -5 7 -8 1 1 -7 9 15 10 -19 2 3 -12 10 -16 8 11 13 5 -5 7 13 2 13 7 -4 7 14
13 14 12 9 -11 9 14 0 -1 7 -5 12 16 4 0 18 -15 -2 -11 -19 18 1 16 7 13 2 -19 -15 11 -15 1 -2 0 6 11 -7 17 11 -13 8 5
-9 -11 -7 -5 9 -3 6 -2 0 -11 -3 4 13 3 -4 8 7 0 3 -6 -9 -5 17 -15 14 1 -13 17 20 -11 -12 14 2 18 -1 -2 16 -10 6 3 -5
-7 0 -6 -6 -4 -9 -10 -4 -2 13 -7 1 -10 20 12 17 -5 11 -3 19 1 -20 6 -3 -15 2 -13 -17 -5 -2 -16 -19 18 11 -8 8 -17 8 8 -11 -2
-16 2 -4 -13 -16 0 12 -6 -15 -20 20 16 -5 16 11 -13 -9 -18 14 9 -1 -8 -13 19 16 -17 -1 -13 17 -13 -3 -8 0 0 -16 -13 15 4 -5 0 18
-10 -13 -13 8 20 -19 4 -1 -17 2 15 9 17 -10 10 5 10 10 15 16 -10 -2 12 6 -15 -1 -3 -15 3 -17 17 -14 -12 5 -11 -2 16 -9 -12 8 7
8 -19 19 15 14 -15 -12 -14 9 -15 2 -20 -11 -13 6 -18 -5 -7 -12 -5 9 16 -4 -9 2 -13 -19 20 -15 14 10 16 14 18 5 -11 -20 -15 9 -15 3
-5 -10 10 9 15 16 9 2 19 -6 -16 -4 5 4 4 13 4 -3 -17 -18 -8 -7 20 -15 19 -16 -13 15 -17 3 6 -8 -10 6 13 15 4 3 -17 7 -7
16 20 -16 5 3 -10 17 -20 1 -14 -20 14 8 -16 -1 9 11 12 -8 -4 18 -19 10 -12 1 6 20 4 -2 -11 -9 -17 -17 -14 14 -7 -3 10 12 3 -15
-10 -18 -10 -15 -12 -14 1 3 7 -1 -5 1 2 -15 19 4 -1 17 -13 -10 1 -6 17 -1 7 2 -11 20 -18 1 -14 -17 3 12 -6 -11 -18 -16 6 -10 -20
-7 6 -10 -9 15 0 -2 6 -14 15 -2 -5 -7 -13 16 -8 -18 -15 8 7 16 19 7 -19 15 -4 -5 -5 -1 8 -4 14 -7 -17 -15 14 3 20 -4 11 -1
-10 -4 -8 -16 17 -17 -16 10 9 11 12 -17 -8 -15 -19 1 11 -4 10 -1 10 20 -12 -8 4 9 -11 10 -4 -5 8 16 3 10 -15 20 -10 -11 -10 19 13
-9 -17 19 20 9 -17 18 7 3 -6 -9 20 -14 -19 20 12 2 0 2 -20 -6 -2 5 2 -15 -17 -18 2 1 -4 -8 -9 2 -19 -4 14 -11 20 20 4 9
-13 -12 5 15 6 -10 13 7 12 1 -11 -17 -6 13 6 0 2 16 -3 18 16 -8 -8 -18 -16 15 -18 -12 -15 13 -9 -19 -2 20 -11 0 6 -6 -17 16 1
17 18 -9 -18 7 8 -7 8 18 9 5 7 -4 -2 -15 -12 10 9 -19 5 5 7 3 -13 1 -11 20 0 2 2 15 -17 3 -20 -5 8 20 -16 2 -14 20-18 3 11 -15 1 -3 20 9 12 -11 -20 1 -1 -15 20 8 3 9 -16 -16 8 2 2 -15 9 -19 -20 -4 1 -9 18 -6 9 -4 -14 -9 14 -8 -19 -8 11
-19 15 -14 -2 18 1 5 -17 -10 -17 -9 0 -10 6 -20 5 -13 -16 9 2 3 3 -6 16 3 -10 20 10 11 19 -1 0 19 20 -11 3 -12 15 16 9 -4
-17 1 9 10 11 13 14 15 -11 -20 3 -7 -14 19 9 5 19 0 17 6 10 -14 -18 -19 20 12 -5 -6 -8 5 20 2 3 7 14 -15 -5 13 -15 8 18
-3 15 -15 -16 10 -16 10 -3 6 1 -3 -7 18 1 9 7 -9 18 19 -16 -10 6 -12 -17 2 -16 -16 19 0 -1 20 5 -20 -17 17 12 11 -15 6 18 3
16 1 11 -10 19 -18 -14 -18 10 15 -12 8 16 3 11 18 -19 11 1 -8 16 17 2 -7 17 -12 14 1 -13 14 -11 1 -18 -5 -16 -17 18 -13 -1 14 -12
13 -13 -14 7 -5 -19 5 -11 19 -15 -17 20 1 -15 19 -12 -10 -2 2 -14 14 16 5 7 0 -10 4 15 -17 -18 -5 8 11 -19 -13 15 18 12 2 4 7
-3 -2 -12 -9 1 11 -7 -1 20 15 -14 3 -20 0 -11 1 4 -14 -15 19 -18 20 -8 -5 -2 19 20 -10 -2 -1 -9 -20 -8 3 -1 -5 1 -11 17 -18 -5
-5 -1 -17 10 -10 20 -20 10 10 13 -7 17 1 -6 -12 11 19 9 -10 9 2 13 20 7 13 -10 13 -7 4 12 -2 5 11 1 -10 8 -11 19 18 2 -19
0 7 -2 -19 12 5 -5 -9 6 -16 -13 12 12 12 17 7 6 0 8 -12 16 2 2 18 9 11 -1 -17 -10 -11 -6 -14 13 10 -3 14 -4 -6 16 8 -8
-9 14 -2 -20 2 9 19 -18 15 13 1 7 0 -9 10 -17 10 -20 13 12 15 -1 -15 -9 7 -14 -3 -14 -1 12 17 11 10 2 -9 13 -7 12 15 6 -17
5 13 7 -11 13 16 -8 3 -9 6 -7 -8 -17 -11 19 6 12 11 -20 20 -17 -17 19 12 12 -1 -11 2 -15 18 -5 9 5 -1 4 -15 -18 -6 -7 -1 -18
2 -9 -16 13 12 11 -3 -18 -20 20 -13 -17 16 11 -8 -20 -13 9 -19 4 16 -16 -15 -17 -6 -9 19 4 -7 -8 20 -17 -19 -14 -11 -10 3 -9 8 19 6
-3 -5 15 -3 0 18 -13 9 -8 7 4 -13 15 -1 -17 5 19 12 3 3 -18 -18 6 19 10 -13 -15 10 -6 16 1 -2 -7 0 -12 0 14 -4 4 10 11
-18 -12 -13 -6 4 6 15 18 12 11 -2 -7 18 -20 10 7 13 7 -16 19 15 -1 -8 20 -4 -14 14 10 -17 -20 -17 -11 4 17 10 4 -3 -3 2 -8 5
-2 15 -12 16 -5 -10 -2 9 -6 -11 19 12 18 14 17 -4 -6 17 -14 -15 -13 0 12 -20 -19 -11 -18 -18 -19 -3 18 3 4 9 3 5 -5 18 -17 6 5
18 14 -7 5 -7 -15 -14 14 -13 12 4 17 -18 9 -10 9 -11 -6 18 14 -9 -17 -17 -1 -2 -11 1 10 10 -18 -12 -18 18 -16 -13 -8 -2 20 -18 -16 7
-10 11 20 0 -15 -5 -11 -19 18 -13 7 -6 12 18 10 19 -19 -17 -13 11 17 -20 -4 -6 -15 2 -3 -20 15 -10 12 6 3 -20 4 -8 -16 20 20 11 -1
-19 0 -18 -14 -16 17 0 -9 7 -14 16 -10 16 -1 -2 -15 14 -19 -18 9 -13 0 -6 -6 -10 -6 14 -17 5 16 -2 -13 -15 -18 8 -15 -11 5 -8 -12 -9
17 -9 8 15 -1 -8 -5 -12 -20 5 12 7 -11 -9 14 -5 8 18 12 -19 -20 9 -15 -8 -10 -11 -8 14 -18 6 3 15 15 -7 -16 13 -5 -18 -18 20 10
0 -1 19 -2 1 -16 19 5 3 -18 -8 20 12 18 -16 -18 14 -17 -8 -13 -10 -19 17 15 2 19 -5 13 -13 -17 -8 15 -2 -14 -11 15 -8 5 -4 14 -12
1 -5 15 -15 -17 -11 2 -2 -14 5 -20 -9 13 -11 -15 -15 17 6 15 15 -17 -1 -5 7 -3 -5 15 -11 4 -14 -11 4 4 6 1 -5 -12 -5 -7 0 9
3 -15 -4 10 -20 -9 -20 -19 -5 5 19 20 9 3 -20 -14 -4 8 5 -15 -9 -20 4 -3 -18 10 -18 1 -1 -4 4 4 -2 7 9 -20 1 4 -12 -20 0
2 19 5 -11 -9 -19 -10 15 18 -7 -13 -13 2 17 8 -19 4 7 -19 -3 17 3 6 5 -20 0 -9 19 2 -6 -4 -20 18 -7 -7 -16 -6 -12 0 1 17
-15 10 10 19 -20 -10 -13 0 12 -12 -1 -17 -19 12 -8 -6 -7 14 -16 -17 17 11 15 0 -11 -14 -12 16 2 5 16 -1 20 -8 8 11 -15 -14 5 15 16
-20 -17 -12 8 4 0 0 -1 9 11 -5 10 20 -1 -7 -11 -11 -4 1 4 9 -13 14 -10 20 -14 20 3 16 0 11 -6 7 -16 10 -18 6 -2 3 14 -13
-3 16 1 4 4 8 15 -12 3 -6 4 -12 -16 14 0 -9 -2 -20 -6 -5 -12 13 1 -11 -19 13 -14 -3 6 3 0 -16 -18 -10 -16 6 10 19 -12 0 10
-15 -9 13 -3 10 6 10 16 14 7 -12 15 -13 -11 -1 -16 -17 19 -18 17 14 -9 -16 -16 -5 -2 -10 -12 10 -12 -5 -11 1 10 12 0 18 5 9 9 4
15 17 4 -6 -2 -7 11 -20 -4 -20 -17 19 -6 14 -2 -18 -16 3 18 17 13 12 -2 -5 -2 20 -4 -3 -12 -11 -18 6 -10 -13 10 -13 18 -2 -4 -11 8
6 0 16 -7 -4 6 13 -18 -15 19 3 -18 -7 9 -8 -11 11 -15 6 7 -10 -3 -12 5 10 16 -10 3 18 -7 10 7 -8 -18 -13 5 11 -4 20 14 9
-11 6 3 -5 -2 -12 -19 13 -13 4 1 -6 -11 15 -6 7 -12 13 -11 14 17 5 -13 2 -4 17 -9 0 -17 17 0 9 -8 -6 -10 -10 7 -16 -18 14 -7
-7 -12 6 -5 -10 -1 12 -16 8 19 -2 20 4 -5 -12 -9 -12 -14 13 11 20 -10 14 16 -7 11 -5 17 14 6 -13 -11 10 13 -18 6 -19 10 -14 13 -12
1 17 -12 -1 11 13 -10 -16 -8 12 -14 1 16 5 -16 12 7 4 15 10 -4 -2 15 -8 -4 -18 -6 4 -6 -14 -7 0 19 19 14 -15 -9 -4 11 0 -5
3 13 -19 3 -10 -16 7 -12 3 15 19 -15 13 -2 -13 -3 20 6 -10 -14 -11 20 -13 -7 19 2 -8 15 -1 -5 16 -5 -16 -15 2 10 -18 -14 -5 -17 16
9 11 3 13 -13 -8 -8 13 -1 -14 4 -2 16 16 -13 9 6 20 -4 7 9 -15 10 12 5 -9 8 7 12 13 5 -7 -14 -1 10 15 0 11 16 12 -16
19 0 -14 1 11 4 9 2 6 11 16 -13 -15 19 -19 0 -5 -3 -19 12 12 4 20 -17 -20 1 18 -10 -18 -2 0 -16 -18 -7 -12 -15 -4 5 18 -20 -9
4 11 -1 -2 -4 -10 18 18 -10 -3 12 -18 -6 -18 14 1 4 -19 -19 16 -18 16 -16 4 -13 -14 16 2 -14 18 12 16 1 15 2 5 6 18 13 -17 -10
-11 -5 -1 12 -11 -15 14 12 6 -12 8 3 19 0 -18 -4 -8 1 -6 -10 -16 -9 -12 -12 1 -9 2 8 -15 11 -16 -16 10 -3 0 -19 -2 -10 5 -8 0