-2 -18 -1 16 -5 16 -10 -9 -3 -13 -10 -11 -3 -5 19 -10 -4 -4 3 0 2 12 19 -14 15 9 -10 -5 -11 -6 -19 9 8 -8 -11 -6 -2 6 6 6 7
-3 -12 20 2 -1 0 13 -13 -4 17 -13 11 -2 18 5 -2 10 -6 -16 -13 2 18 20 -10 4 5 -12 16 19 1 10 8 -18 17 -9 -1 -18 9 1 13 -3
-20 -12 -19 3 3 8 -8 16 1 15 -15 -18 -9 -20 18 -19 -3 16 8 -9 -7 7 8 2 1 19 20 -5 13 -12 15 -18 -17 -9 -4 -1 -19 6 -9 -18 -14
6 -7 -2 -1 1 14 -16 -17 -7 11 -5 14 -9 10 7 9 -7 20 -11 2 8 13 -18 13 -17 -2 10 7 -14 -15 5 12 -16 2 -4 -9 20 -2 -14 -11 -18
6 15 -13 19 9 8 -19 -14 -18 -7 -15 1 -6 10 -6 -15 13 15 2 18 12 -19 -11 -9 18 14 -14 18 8 8 -7 13 -8 15 -17 9 13 19 5 -8 4
-20 -15 -10 -1 -17 3 -7 11 17 20 -5 12 -11 -10 8 19 -18 -11 -17 1 11 4 -9 -11 -1 -8 -9 -9 17 18 6 -15 -7 -2 17 -8 -13 8 14 -8 -4
13 -3 -15 15 -14 10 20 8 -9 4 -12 -18 -18 7 4 19 -18 -14 0 6 9 12 0 10 5 -12 15 -7 7 -3 -20 -8 3 0 7 -14 17 13 -9 -10 13
14 5 19 -13 -7 20 -7 3 -7 18 -5 -10 0 5 14 2 14 12 15 14 13 -13 -12 14 -3 -17 12 -18 -15 -8 6 9 -9 19 -14 -2 -15 13 -20 14 -11
-20 -3 6 15 -6 7 0 -4 0 -11 17 -11 -10 17 1 -4 -3 -11 -17 -9 -17 3 -19 -17 12 10 -4 2 -13 -11 -6 -13 13 -7 -5 -6 12 19 -13 -11 -10
-6 -1 -13 -20 -18 4 5 -16 -3 1 -20 5 -12 -14 -2 8 15 0 -18 1 -14 18 -18 -15 -20 15 7 13 1 -4 0 -18 7 19 -12 -12 5 -11 -20 -14 10
-3 5 -18 19 2 -7 4 -20 -4 -17 -2 -1 -19 -6 -6 -6 6 11 -2 3 -3 -9 10 9 -3 2 -13 10 4 20 -17 -11 -9 -16 -10 -5 10 -8 11 -16 -7
11 -5 -17 -12 -7 11 15 2 5 -17 7 -10 14 -3 0 15 -9 13 0 -11 3 0 13 0 -1 19 16 16 3 19 14 -20 0 11 -19 14 -19 -2 -6 17 -18
-4 -19 14 -15 7 18 2 0 -3 4 0 -18 -12 -3 -12 -11 -5 4 15 -10 14 20 -18 -19 -15 -12 1 -9 -16 0 11 10 -10 17 -4 1 -7 -20 -20 -8 0
19 -8 16 -2 -10 -4 -20 7 10 -10 -18 6 -20 14 8 -6 -18 3 14 -20 17 -2 3 -6 15 -20 -1 -18 19 -3 -13 9 13 -19 -7 -18 -8 -9 -13 2 -2
-10 -5 7 2 14 -12 -15 -2 -3 -19 -6 -17 -13 -19 -15 -20 1 -19 3 4 -2 3 16 -5 -1 3 -8 -19 -8 15 -14 18 11 17 1 -14 -14 -20 0 -19 9
15 -15 6 -13 -9 -18 14 -3 10 -10 -7 -15 -11 5 -2 -13 20 -4 -11 -20 -12 1 -20 4 19 20 0 1 -20 -2 -11 3 -15 9 -20 11 -9 20 17 -11 -19
8 -11 -20 7 -1 12 -15 6 -11 -3 2 -8 2 12 19 16 2 10 -10 -1 -14 17 -4 1 -16 20 -20 -15 -19 -13 -12 -9 15 18 16 -17 -1 -13 -12 -17 -18
-15 -20 -4 12 -15 -6 6 -5 -17 -16 16 5 10 1 -16 -12 5 -12 7 -15 16 -3 8 -16 -6 20 -14 -5 13 8 10 -20 20 11 -18 20 -1 -20 15 19 -14
17 19 16 2 -5 14 6 15 -13 11 -5 1 16 7 0 -18 17 2 -7 17 -16 16 -1 4 6 -15 -18 6 -13 -6 8 -20 -18 12 16 13 18 -14 -16 7 -11
4 4 19 -14 2 10 -4 -2 3 -4 -18 -5 -15 -11 -6 10 -17 -14 4 4 19 14 -2 -18 6 -8 -19 -12 -15 -2 -17 -12 -13 -4 -12 9 12 -6 14 10 18
-7 12 3 1 20 -10 15 12 11 4 5 -10 5 -1 12 5 10 -14 13 -13 -2 0 18 5 19 1 11 14 -8 4 -6 0 -6 20 -3 -13 -19 0 16 14 -10
20 -20 -11 -7 18 -20 9 5 3 14 -15 -4 -2 11 1 12 4 -2 3 4 -2 0 4 -3 2 -8 -12 18 11 -5 -13 -11 -6 3 1 -19 2 6 -9 0 3
0 12 -19 -6 -11 -3 4 2 19 13 -17 -4 -9 14 18 7 2 -9 -17 -7 16 0 -20 -8 13 -6 8 2 -8 2 9 8 -1 -10 20 3 9 9 -12 -8 16
18 -15 2 -15 -19 16 6 -4 6 -2 -2 -4 2 10 -4 15 -10 -10 -11 -4 6 10 2 10 -14 -2 -12 6 9 16 -5 -16 -1 -6 -6 -6 -1 -14 2 -3 -15
0 -12 -20 12 -10 -16 -4 2 -18 -5 9 2 -19 2 -15 -12 12 2 -3 -2 14 -20 14 10 16 5 -6 14 9 14 12 -2 12 13 -11 4 -20 11 17 13 11
12 17 17 13 11 18 8 18 8 6 -20 10 -11 -17 -14 -18 7 7 5 1 13 -1 -1 -7 16 -2 -6 -13 15 -7 -10 7 -19 17 15 2 1 -9 15 17 -17
10 -14 12 -13 8 20 -18 -12 -15 9 0 0 8 -18 14 -4 4 20 -1 -9 -7 17 -7 -4 -13 -3 1 -9 -16 -20 20 15 15 13 -8 -1 -9 9 6 -17 -12
19 5 15 -18 1 -19 -14 -5 19 19 -18 -19 -12 15 11 -12 -19 -4 2 -13 13 -3 -19 -7 -20 10 6 2 -3 0 8 -17 1 -17 -3 -9 -7 5 5 14 1
18 16 -8 -1 10 18 -4 2 0 -8 1 -15 20 -15 7 6 20 4 -3 -18 -6 -13 -20 -18 -10 2 -8 -15 17 -20 6 -12 10 14 4 16 16 -5 20 -4 -9
-10 -9 -4 11 -15 -8 -14 -1 -11 15 3 -7 -8 -14 -18 -18 15 -16 10 6 19 5 0 -4 5 -17 6 -8 -20 -16 -1 20 -9 20 -6 6 0 16 3 6 -8
-11 -6 18 -15 -13 7 8 11 8 15 -13 -15 4 -9 3 -7 3 -7 -2 10 -13 -12 -7 6 4 0 -15 0 5 10 -16 20 -4 -11 -1 -19 -3 -18 -18 -7 -19
-3 16 13 -3 11 19 3 10 -6 20 15 16 16 2 -15 19 0 -3 -3 -8 12 -11 17 -13 -10 -17 -16 -7 6 18 -19 -20 20 6 13 9 -19 -6 4 -8 8
-5 -9 11 16 -18 -15 1 -6 -14 -3 -19 11 1 -10 -14 20 11 0 4 -18 7 -16 9 -7 19 19 -8 -9 -10 -19 13 -5 20 9 6 1 -12 15 8 -1 -5
15 17 16 16 -2 -8 7 15 20 -8 -13 2 10 -9 18 1 -3 2 -7 15 -2 -20 0 -5 -16 -17 8 -6 1 -15 9 -15 -3 0 16 -5 18 -10 4 -14 12
13 -8 -7 -3 -17 -11 -16 -18 16 -6 -10 -2 -1 -7 -13 -2 -8 -16 4 -7 8 -18 5 -16 -13 3 11 8 -11 -18 13 -8 -16 -15 -20 -2 10 8 11 10 15
-14 -8 15 5 11 17 17 7 -1 14 5 -3 11 18 -3 -1 7 -7 -18 -2 -15 6 5 18 9 -16 14 0 -8 -20 1 -13 -2 4 20 0 3 -20 15 -11 -18
-12 -14 -16 20 -15 -1 -4 19 14 14 -13 13 -3 8 -17 -4 7 -1 0 13 4 10 -13 18 14 -20 20 2 0 2 -6 -11 -11 -3 14 7 9 16 13 10 -149 -9 -2 -10 1 -5 -5 -15 13 -4 5 -12 -4 -10 14 -20 7 -15 17 -9 -19 7 15 -17 11 15 12 10 13 10 -4 -20 1 5 13 -1 4 -4 -4 -15 17
-18 17 -19 14 -14 16 1 17 2 -17 5 18 12 11 0 -1 -19 13 15 0 13 -18 2 -20 6 7 13 6 -10 0 -20 -8 10 3 -9 13 -5 0 -5 -1 20
-5 -11 -20 6 -13 -19 -14 15 8 -16 -1 -17 -2 17 -1 6 -2 0 17 -19 12 12 15 2 -12 4 -3 14 -15 -4 -17 4 -12 -16 19 2 -5 -19 13 -19 5
8 19 20 -10 19 -16 -13 14 -2 -13 4 17 12 -15 4 7 2 10 -7 -1 4 -19 -14 -10 19 1 2 20 -20 -18 9 6 -15 4 -13 7 -10 -4 12 -2 20
6 11 -16 0 -8 3 13 1 -5 13 -2 -8 -13 17 -13 16 -8 20 -4 -7 6 6 -9 -2 2 9 16 6 3 -17 -3 -16 5 -14 -4 6 -4 -19 17 -6 -17
-5 -12 -16 12 -9 13 0 -4 1 15 -2 -13 -12 1 20 3 17 8 -8 -11 1 18 4 1 7 5 9 9 11 -19 11 6 10 -14 -3 -17 17 8 4 -10 3
-19 -14 -14 8 -15 10 13 -7 15 13 14 -19 13 -11 4 -20 3 -15 -3 6 10 16 -2 -2 6 -8 -4 0 17 5 8 15 -13 19 4 -3 -14 9 16 -18 4
8 17 20 -18 13 -8 -4 11 10 7 13 19 19 17 -20 7 -14 19 10 17 9 -15 6 -9 -6 -4 2 -20 5 12 20 15 -15 13 4 20 17 11 -13 5 4
20 16 -16 -15 18 14 16 -2 -10 -20 0 -11 -13 -15 -15 -15 3 -20 7 -1 19 -20 -9 -14 -2 15 -8 -6 5 13 -15 19 -19 16 10 13 -17 0 19 -2 -3
2 -12 12 -2 -19 -9 11 6 -12 20 -19 8 15 -13 -9 -5 -19 8 -17 6 -1 0 -5 15 -6 -4 11 17 0 0 3 2 -20 0 -11 14 -10 -16 -8 1 -15
15 -2 4 -17 4 -20 13 -10 -7 15 5 18 -19 -10 -18 12 -14 1 15 -17 -8 8 -18 20 -19 15 -11 16 -5 -20 20 2 -1 14 -7 7 -14 10 -4 16 10
-10 -13 -18 -3 -1 -13 13 13 0 -4 18 16 10 -9 -9 -13 -11 2 9 5 -17 12 0 4 -7 -1 13 3 15 -1 -3 -9 14 8 0 -18 -11 3 -1 13 15
-13 20 -6 12 1 7 -19 16 18 -18 7 -4 5 -15 -7 -7 12 2 0 -12 18 -13 -15 5 -9 -1 1 -15 3 20 20 -5 -6 -8 8 -5 -7 -6 8 19 7
0 -6 20 11 9 -7 1 -2 -9 2 9 -12 -11 12 18 16 -5 14 -15 -20 18 -5 4 19 -4 -1 -13 -2 17 -18 1 -14 -1 -10 5 15 -20 17 -20 -15 19
15 5 -8 -8 3 -4 15 18 11 -9 16 13 -13 -8 -5 20 15 -19 16 -9 -12 -20 -9 -16 20 -9 -5 2 -11 5 -12 -10 -11 -18 -2 -3 1 -18 10 -9 14
8 -5 -16 -17 -11 -13 4 -12 -17 12 6 -2 10 -18 18 1 -2 11 -1 18 -18 -11 5 10 15 20 10 7 -2 -13 -3 -15 4 17 -10 1 -11 10 -20 -15 -3
2 -10 15 -7 9 -12 1 14 -15 1 12 8 10 -2 -17 -2 -7 -17 -12 20 17 -12 18 6 5 5 6 -5 11 2 13 17 18 -14 9 19 5 -13 19 13 -3
11 -19 4 4 -5 -19 -16 -18 -20 2 -1 16 11 15 6 16 13 -12 -9 1 10 -19 -17 -19 -8 8 -20 -5 7 13 -12 -9 10 -10 -7 9 9 13 11 8 -2
-13 13 20 4 -1 17 -2 -20 -4 -8 5 2 6 19 17 -1 18 -17 -3 14 -20 16 -8 13 -9 3 18 15 -17 16 18 -17 -6 17 18 -10 -11 -17 6 -15 12
6 -2 -3 5 -9 -15 10 12 1 -17 -20 -2 11 -15 -4 12 0 -4 20 -1 -5 18 16 -8 8 20 -20 18 8 -18 18 -6 16 -16 16 13 -20 5 8 1 9
3 -17 -14 8 18 7 8 -11 -7 -19 12 12 -6 -11 -11 -10 -15 -16 -6 10 -5 17 11 5 10 -5 9 3 17 15 -1 -19 -10 -17 7 -15 1 -7 -13 6 14
18 -18 3 0 2 1 -12 7 -8 7 -14 16 17 -16 20 18 1 19 20 -10 -19 -8 17 8 19 8 2 -17 -17 -6 8 4 16 2 9 0 15 -18 -15 9 2
-1 7 -8 14 -6 -4 -15 -4 -12 -20 19 20 -9 2 -5 2 4 -17 -8 1 -1 1 15 17 -20 15 -2 -11 8 8 -10 0 -2 -7 17 -16 2 12 1 15 -13
17 -16 17 -12 -11 -20 -3 -18 18 -12 -11 6 1 -18 3 -1 11 20 -8 15 6 13 11 -18 -12 10 19 -17 -6 14 17 1 13 -20 7 -11 6 1 -9 -18 11
4 -20 1 -10 -18 -11 -4 19 5 -20 0 1 7 19 2 4 20 14 12 17 8 10 18 -10 -10 20 1 18 5 3 -12 8 -20 0 16 -12 -6 16 -19 14 -16
-12 -18 4 12 -4 13 20 -5 12 5 16 -7 14 -9 6 -16 -11 -4 -6 -6 0 -8 -16 12 1 -5 -17 19 4 7 8 -8 9 9 -2 -9 -15 12 -1 8 -4
12 16 8 -4 -4 -16 -1 -13 -5 19 20 -13 6 -9 1 -12 11 2 10 10 6 -18 -7 -9 2 -2 3 18 -9 4 14 12 3 6 3 -20 17 4 4 -8 -19
-14 -13 -12 4 7 -13 18 7 1 0 -4 8 -8 -9 7 10 -19 20 -2 -5 16 -1 -7 -8 -14 6 15 1 -16 17 8 -14 -7 18 16 -18 7 8 -10 4 -17
-9 19 -2 -11 18 -16 -16 -16 13 -9 -19 -3 3 -12 11 -2 19 13 -7 12 10 -14 -11 18 20 19 -2 3 6 8 19 -17 -1 -3 18 -12 13 6 14 -16 -9
-7 -13 10 6 -4 -14 8 18 -8 7 -9 2 10 -18 0 -13 -14 7 16 -3 6 -14 11 2 -20 -20 -18 -14 5 -2 10 -3 -7 8 -11 -15 -16 -14 4 11 -18
-13 -7 14 11 -15 -7 9 2 -13 18 -18 12 0 -11 7 -12 -9 -9 16 15 -11 -15 1 5 -7 9 9 13 13 20 -20 12 -12 7 -17 1 -3 -2 0 5 -11
8 1 -1 -15 15 12 -11 20 0 20 0 5 -9 3 18 -19 16 -4 2 7 -13 -10 9 -5 4 14 -10 11 -10 -6 -3 -2 7 -14 11 17 -8 -1 12 -7 -16
-13 12 11 -15 14 13 11 -11 -3 18 1 -8 -5 -11 -15 -18 7 6 -11 14 -15 -13 -4 17 11 -6 -20 11 3 17 20 -13 -2 15 -8 6 1 14 20 -7 -10
9 18 8 -18 -15 -5 13 -16 -2 13 15 -18 -14 10 -4 3 1 -2 15 -5 2 -11 0 -20 3 2 -4 13 -18 -7 19 -10 18 15 -15 8 17 -9 -15 9 -8
-20 -7 19 2 16 4 -19 13 7 -15 14 16 16 -15 -15 12 5 7 -19 -1 14 11 -18 9 -20 17 -11 -8 -13 14 -8 18 -20 5 -6 5 7 16 -16 20 18
13 -18 11 -2 14 15 6 -4 -2 -5 12 11 -4 6 0 -11 15 -7 11 -10 20 -20 12 5 -20 2 19 5 -18 -2 -5 -11 -2 -12 12 1 -7 0 14 1 -20
13 -3 -12 8 17 15 0 1 -1 7 5 9 16 0 6 9 3 18 -9 18 17 8 -12 1 15 11 6 9 5 -14 -7 10 4 6 -20 8 -1 -16 3 -14 11