20 6 -9 20 -15 18 -14 -14 -4 -19 19 10 -14 5 15 6 9 4 -9 -3 5 -10 15 -18 -3 -12 1 -11 3 7 16 18 -14 5 7 -17 13 12 -10 8 6
-15 -1 1 -11 -15 7 -1 16 0 -9 0 -15 0 -19 3 -11 -19 3 -16 8 8 -5 1 -13 -4 2 17 10 -13 15 1 -11 18 19 -18 -19 9 -7 -12 -19 7
0 -8 -19 18 1 -17 -9 -10 10 10 0 4 -20 -9 2 16 19 -5 12 -13 -10 11 10 -20 16 0 -9 -20 -5 -8 16 16 19 -16 0 -4 14 10 -19 -3 -13
6 15 7 -2 5 3 16 5 -3 6 8 12 19 -6 -10 1 14 10 -2 -15 -12 7 -3 -5 2 20 3 19 18 -5 11 -18 -6 -7 -13 -13 4 -16 9 6 3
-9 -3 3 3 16 12 -18 15 12 15 13 2 2 -8 -18 -2 12 -9 5 16 10 -16 -8 -1 -6 15 -10 16 -20 -9 -11 -3 6 -15 16 5 -8 -4 -6 18 -17
19 -19 8 -3 -2 20 -18 15 12 -14 4 11 -8 -15 -6 -1 -1 -7 2 1 11 19 13 20 -12 -6 17 -8 -14 0 1 -20 -11 11 -7 16 2 -2 13 0 -6
3 2 -6 -19 9 16 15 -5 16 17 -6 17 -16 -7 2 4 -2 17 -20 -8 13 0 3 1 16 17 12 -2 -6 8 7 12 -10 -14 -7 -5 -15 -3 1 2 -12
19 -7 5 -3 14 -5 16 -11 -20 -15 -4 4 -19 -19 8 13 1 -8 11 -3 3 0 -7 -18 0 4 16 -4 6 0 -9 -10 -6 15 -5 -3 18 -12 -20 6 6
1 -7 -16 -12 -12 -3 7 3 19 -7 -20 -3 -4 3 18 -14 14 1 -3 -14 0 3 -2 16 0 -1 0 3 6 14 -14 7 -5 17 -9 -9 -15 -16 -7 17 -14
-17 19 -2 -16 11 2 19 -3 4 -15 -14 -13 -1 -14 17 -6 5 18 2 -19 -16 16 -15 -18 -20 12 11 -2 20 -18 -15 -20 -12 -10 6 -3 -3 -10 5 -3 -20
-11 -20 4 2 7 -9 -8 7 -1 15 14 -14 15 -13 -14 -6 17 -3 -16 8 -6 -14 -17 19 -1 -18 -11 -14 -3 16 -17 -3 -3 9 -3 -6 4 -5 -7 9 14
-18 11 -20 12 16 -4 10 20 16 17 6 18 -11 14 8 -4 -14 -19 -11 13 -4 -10 -4 3 1 5 15 12 9 1 -9 4 1 9 16 -20 -16 6 7 -20 -6
20 -4 7 3 -6 0 0 -17 -6 -7 16 7 -6 1 8 -16 -15 -3 19 18 15 -12 19 19 -11 10 -12 -11 12 -11 -7 -5 16 -13 10 3 -8 -10 6 -11 -12
12 -15 -19 17 -11 -11 -14 -16 10 -2 2 15 -8 19 9 12 15 3 14 -3 -16 19 0 15 -18 19 2 15 10 13 -20 -3 13 -18 -15 -11 -19 6 -15 -16 9
10 14 6 10 0 -5 -16 10 10 -1 -18 4 -4 -17 14 17 11 -6 15 13 15 8 18 10 12 -7 -13 -5 15 5 -20 -1 -16 -2 5 -5 15 -2 -8 -10 3
-6 -9 -18 -1 -14 8 19 -18 15 17 13 20 -13 20 16 7 -6 16 7 -9 -8 -6 6 -11 8 -11 -20 19 5 1 19 9 -9 -4 11 -1 5 -3 5 -6 -2
14 -20 12 3 9 8 -1 -11 -16 11 -8 11 -20 12 6 -2 15 13 -13 -9 19 8 12 3 -7 9 7 -13 -11 5 -18 -13 0 9 -13 10 -6 -12 20 -10 -2
18 -13 7 -14 -10 8 10 3 14 11 10 8 3 -11 3 9 17 -8 -8 4 -3 -10 -11 -13 11 -18 -4 4 -15 -7 5 -17 10 6 16 7 16 -1 4 16 15
-9 -11 19 12 -13 -6 -13 3 14 16 -11 6 0 -7 -14 -11 -20 2 6 -16 -20 -19 -3 -17 -20 6 16 -15 1 4 -6 -19 8 -17 -3 8 -3 -19 -7 12 5
-19 -8 -15 -14 6 4 -1 -8 14 -4 -4 -5 -17 -1 -3 -12 -9 -2 17 -1 11 -20 6 17 -9 -20 -2 -9 14 1 10 1 -3 17 -10 14 16 -5 11 -10 -2
-16 -16 -13 -4 -3 0 11 -12 -8 -17 -14 16 1 7 17 5 20 -16 -9 14 -5 20 -15 -12 14 13 -2 10 -16 5 -10 -12 14 -14 16 -16 9 -7 -20 -13 19
-14 17 18 -17 -14 -12 -15 16 20 -16 7 6 16 17 -8 2 -1 -7 -10 3 -10 14 -8 -4 -16 13 -5 -12 -7 -18 -4 -19 -6 16 2 -15 9 13 9 -14 2
14 -8 5 14 -9 -9 -15 8 5 9 -17 -15 12 -11 11 -19 13 -20 -16 -20 14 -12 -18 11 -12 17 -14 15 -18 -2 14 -12 -7 16 -19 -18 6 12 -10 11 -6
2 -4 16 -10 6 -17 -18 11 10 -17 17 14 -20 12 17 17 12 -17 -17 3 13 -14 -14 4 -14 4 8 14 -13 -16 15 8 2 -16 10 13 1 1 19 -15 1
-8 14 6 -10 10 -12 13 -20 -14 -5 20 -13 -4 -5 -11 -4 -8 2 -12 10 -3 5 -8 -1 15 -19 13 4 -12 -3 -1 -12 -20 -11 6 8 1 -10 15 -10 -20
19 6 17 6 12 -7 19 -11 -16 1 12 14 3 -1 18 -2 15 -9 13 -7 -1 9 0 -15 10 -19 -17 10 14 0 18 10 5 17 -12 0 -2 2 4 9 -9
2 -6 1 13 -13 8 13 17 -11 -7 3 1 -10 19 -4 13 -20 16 19 3 -6 -13 13 -16 1 0 -18 1 -14 19 -15 16 17 17 -9 1 -7 16 11 -5 3
5 -14 17 -10 6 0 -5 6 10 0 -9 18 11 2 -19 -8 13 11 -6 7 -5 12 -16 20 -17 -12 -9 -8 -18 4 -4 -8 -14 -3 -9 18 3 -10 -18 -11 -13
7 -15 -8 -15 -14 12 7 -9 -17 -17 -8 -11 1 -3 19 -5 2 6 1 -2 1 -12 -5 -4 -7 19 -17 1 16 17 -13 15 5 3 2 2 -3 7 -13 -3 8
-19 4 14 -20 -4 -5 13 19 -7 -18 10 3 -18 -17 18 10 11 16 -5 -18 11 -10 -8 -18 -17 -20 -3 11 13 -15 11 -20 8 -19 -4 14 -15 15 -13 13 -6
7 20 -5 16 18 2 -10 17 -3 3 12 3 -1 -20 14 17 -15 -9 -9 -5 14 -7 4 -4 14 14 -3 -12 -15 -11 8 -8 -10 -2 -2 -18 -8 -4 20 5 -11
8 -8 13 -12 -14 -9 -17 -18 6 16 -18 -6 -9 13 -3 10 13 12 17 1 -15 -13 8 4 3 19 20 11 1 -4 16 -20 9 -8 3 -16 10 5 -19 3 14
-18 2 3 -13 4 -9 -18 4 11 7 1 5 12 14 20 -3 3 3 -14 5 15 -13 11 -16 -1 -17 -14 12 3 6 9 -18 3 -19 -15 0 -4 -17 -15 -13 -7
18 -11 7 11 4 -6 -11 -10 13 10 16 -8 -6 16 -2 -20 15 1 2 -14 2 -18 14 -3 7 -19 -8 -3 -20 4 19 12 16 -19 -15 -8 5 -14 0 2 16
-18 6 9 17 -14 2 16 20 20 -8 14 12 5 -6 12 18 7 1 13 10 19 12 -5 -16 -2 -3 -13 -18 8 -7 -9 9 -4 11 -13 -11 2 -16 17 6 -12
-16 -5 -4 -19 15 -12 -18 1 -12 -19 -3 18 -10 -12 -16 -6 -2 -12 0 17 6 -7 15 2 8 18 -20 2 1 -1 15 16 -11 -9 -18 -8 7 -20 18 19 -11
6 -19 -18 -6 1 13 -10 -14 3 -6 -8 -11 10 19 -12 19 0 4 -7 17 -13 19 10 20 6 13 -13 -7 -14 -3 8 -14 3 -20 20 -18 -16 -18 7 16 618 -3 9 12 -18 20 -8 15 -9 17 18 -17 16 -8 -10 9 -10 16 -3 16 8 16 2 -10 -20 6 10 3 4 14 -18 4 -10 -7 20 11 7 19 13 4 16
5 10 -17 0 -5 5 20 -19 -16 18 17 0 -3 -19 -6 -20 15 15 -18 -10 17 19 -11 14 13 -8 -3 -10 11 6 -19 -6 0 -15 -5 -7 -14 5 14 9 8
0 13 -19 17 -15 -14 19 16 20 -17 7 2 -1 -8 -15 -12 12 15 -10 -3 11 2 20 -11 9 -12 -9 -4 19 -3 11 -5 8 6 -19 9 -13 -16 12 -6 8
12 -16 -17 11 1 3 2 -10 3 -2 2 -11 13 15 17 20 -6 -12 1 15 -18 -18 18 10 10 -15 20 13 -18 4 -3 -15 18 -1 7 17 6 -1 -10 -10 9
5 14 -7 -12 3 -1 -16 -16 2 2 -18 -9 -14 17 -12 3 10 -6 16 12 8 17 5 -1 -16 -9 -9 17 11 -7 3 -17 -8 -4 15 -13 -19 18 13 17 -15
6 -2 -8 -14 -4 3 -14 13 12 -12 3 -10 -6 10 -1 -20 0 12 -3 -14 -3 4 19 4 9 -14 -12 18 -8 6 2 13 8 -16 -5 -14 7 -7 -2 -6 -20
16 -7 17 -1 -9 14 -10 0 -3 -12 -12 4 0 -19 18 -10 10 19 13 9 6 9 16 0 13 -10 3 -13 12 -20 -13 18 15 -9 0 -20 3 -9 9 -18 4
12 9 9 12 -16 5 -14 -6 -14 1 6 2 -14 17 15 -2 -6 3 -4 -16 -15 20 2 14 -10 -8 3 -14 -17 -1 -17 10 -8 -14 -20 11 -6 9 -14 6 -12
-9 14 -10 7 9 -19 18 -13 -9 13 -20 3 -13 11 -13 16 3 -16 -1 3 -7 -18 13 -1 -7 -6 5 -18 5 3 15 -1 11 -4 -8 -16 -17 -9 5 -11 0
1 -16 -9 -9 0 -7 -4 5 -15 2 10 11 -18 5 19 3 -15 11 0 -20 -6 17 -18 18 2 6 -11 12 8 -6 -16 -9 13 19 13 0 7 7 -12 1 16
-4 -18 17 -2 -5 1 5 9 16 -9 3 -3 -9 -14 -8 -10 -5 10 -1 7 12 5 1 -9 17 0 -1 -11 6 17 11 -16 6 9 10 19 -16 7 19 -16 -19
-18 -12 7 -3 -18 -19 12 14 5 -16 13 18 -5 -8 0 0 -3 13 -1 -5 -1 4 -12 -4 -17 5 17 1 -1 -19 -8 -1 -7 9 2 -16 -20 -11 -10 20 11
-20 -1 13 6 -10 -1 7 3 3 -13 -10 -2 6 8 4 8 -10 13 11 -1 -10 -3 3 1 -6 1 -6 -16 17 -1 -19 12 -10 1 -13 10 -1 -16 3 -15 6
0 5 -12 16 -1 -20 9 -15 -11 -20 11 3 8 -10 -4 -6 -14 9 -17 10 4 16 -2 20 10 12 -14 -3 -6 -6 9 -12 15 -7 13 -17 9 16 -5 -2 5
-11 -4 13 -19 -16 11 -17 11 1 5 -17 -1 -11 15 -19 -10 6 -1 3 7 -9 -16 -1 12 3 -12 -4 10 2 -10 -15 9 13 -3 11 11 -6 11 -10 -1 -4
17 15 14 10 6 20 17 6 19 -1 20 8 -1 5 8 -17 4 12 -7 -5 3 -1 -12 -13 5 -13 11 16 16 13 -4 15 0 8 -16 -3 -12 -13 14 16 -9
-12 2 -4 -14 -11 -15 4 1 10 -20 -9 10 2 -13 -4 -10 -10 -2 -6 -11 -18 15 -9 3 16 2 -6 14 -15 -4 -4 -19 -20 8 -5 10 -11 -17 -6 -15 -12
-10 -12 -14 -9 -12 5 -3 -9 -5 1 -11 -19 14 -6 20 3 18 -13 5 19 20 -18 -17 8 -12 0 -1 -13 12 12 -9 -3 -10 -12 15 -17 0 15 11 7 -12
-15 12 -11 0 -3 -17 -16 19 -12 11 18 -7 -6 19 -8 11 5 0 14 6 3 -11 -3 -8 16 -15 -4 -20 15 18 6 15 16 5 -8 -14 -3 18 14 8 -9
2 -13 4 19 14 -9 14 15 -9 -4 15 8 12 -20 16 5 -6 -16 -18 -19 7 19 -16 20 -9 -15 4 15 4 7 -16 -12 0 -17 17 -7 8 -12 9 -7 17
-5 -9 4 12 2 -12 -16 -4 -9 5 -14 5 11 -5 -10 18 6 2 16 9 3 12 -16 0 -2 6 -1 -15 14 5 -9 -18 6 1 20 -14 -18 14 -18 -6 -8
3 -12 -1 -17 -13 -4 -11 -6 19 2 -13 -16 -12 -5 15 17 6 12 19 -8 2 -4 -9 10 -12 -19 16 20 -9 -14 19 -4 -5 10 -12 -1 -2 12 -2 -12 -7
-1 -14 -7 18 14 16 -5 0 5 13 13 -10 19 -5 -18 16 -20 -3 -4 -1 4 -17 1 -20 12 -6 -8 -16 -12 20 -1 6 -2 -1 19 -1 -13 17 -9 -10 -12
6 -19 -19 0 -6 5 4 -11 0 -6 -8 0 8 18 -20 -9 -16 0 -14 16 -12 1 1 18 -4 9 6 2 19 -5 6 16 7 7 2 -19 -7 -19 2 6 -8
-8 -14 8 16 -16 -9 11 13 -13 14 -8 -13 -20 -11 -2 -13 18 -4 4 12 -9 11 15 16 7 19 -12 12 20 -1 18 0 -15 19 1 -1 -17 16 14 -10 3
18 -5 18 -11 10 11 17 -20 11 -15 1 8 -17 -5 -18 1 8 15 13 5 -16 -13 17 -18 -15 3 -16 4 -15 18 16 14 2 -18 20 -8 -9 -10 1 -16 -19
-20 -18 -5 6 -2 -15 11 -1 -20 5 -11 6 10 -10 -8 -2 -12 -8 -7 -8 20 6 -4 10 9 10 13 -2 19 -10 7 8 -10 5 18 -19 -17 10 14 5 15
-9 11 18 -12 -20 -19 13 15 -13 -15 1 -17 1 -1 20 13 15 -9 19 -2 3 -2 18 -6 17 13 13 13 -3 -14 11 5 -8 -18 5 -9 -17 0 8 6 -7
-12 -16 -2 -1 12 -13 -14 7 12 1 -9 20 4 -11 5 11 -14 -5 -15 -10 -5 -17 10 -2 1 4 18 -8 -3 8 -18 14 -3 12 -19 -18 -18 5 -2 15 18
13 -7 0 15 -9 8 -2 -6 -5 -6 4 5 -17 -15 4 -11 -2 2 12 -2 9 11 -16 13 9 17 10 8 16 19 4 -18 9 11 -17 14 -11 -16 12 7 6
-17 8 -8 -1 -16 14 9 17 14 2 -9 10 10 5 -11 -6 -10 -12 2 20 18 15 -14 -8 -17 -18 -14 -3 1 -1 -16 -4 15 -15 -7 10 -8 7 -2 7 4
-17 -8 14 4 -20 17 0 -16 -16 1 -14 6 3 -16 5 17 10 1 -7 11 -14 -1 0 -1 -18 11 0 -12 -9 1 1 11 15 -19 13 7 5 9 -13 -11 -17
-18 19 -4 -6 13 20 12 -20 -5 1 3 -3 -17 5 13 -12 -18 -11 4 15 -16 20 20 -4 -10 -15 4 -5 4 -1 17 6 10 -1 7 -17 -1 -11 -5 2 5
-3 -1 -19 -1 4 -1 14 -17 20 -9 4 -3 -11 6 10 7 18 -3 11 2 10 -20 -18 17 -13 10 3 7 8 3 -9 -13 4 11 -19 3 17 -18 13 9 -3
3 -4 3 -5 6 3 17 -2 -16 9 9 18 9 0 -13 -7 0 -4 0 14 -5 -16 -12 16 12 13 7 -1 7 5 16 16 4 15 7 -16 1 0 2 -16 -16
16 -10 16 1 19 -2 -15 13 19 -7 -1 7 8 -14 -15 -19 -16 11 20 19 -9 4 -4 12 -13 -10 -13 2 18 -7 4 2 -19 7 8 -5 9 -17 -1 7 -4
-2 -16 12 10 -6 -19 -9 7 -1 20 -2 -14 13 14 -7 6 6 0 -18 -2 -10 -15 13 9 9 20 6 -18 -20 -20 2 6 5 3 -12 -18 11 -6 -8 -3 10