4 16 -10 -8 6 -13 -12 -9 14 -14 -18 -3 4 0 10 -16 -6 8 -14 11 -11 12 16 -6 -11 15 -13 6 17 20 20 -7 -16 -6 -19 10 -20 -8 -9 18 -16
14 18 -20 0 20 10 1 6 4 -4 -17 20 10 -19 20 3 3 20 9 -19 12 18 -10 6 19 -4 -18 20 9 11 -9 9 15 13 -20 -6 3 -20 2 -8 16
10 0 14 11 8 7 -5 19 14 -1 -12 -7 -5 -16 13 -13 17 -12 19 12 14 14 9 4 -1 -5 2 8 -5 -12 2 17 -19 3 16 3 4 -18 -16 -16 -2
-18 -18 -5 -7 -2 7 15 11 8 5 19 -17 -4 -19 -12 -18 7 19 3 -1 20 4 -6 -12 13 -20 2 -3 -7 0 -18 7 -19 16 -3 -3 13 2 -17 9 -6
-4 -6 -15 -19 10 19 -5 -2 -5 -8 -15 14 -2 3 -17 10 -19 -8 -5 9 17 -18 4 -18 11 -6 5 -8 -8 9 -15 16 9 8 -3 2 9 17 -4 12 -14
19 5 -16 -17 15 10 13 -3 7 -15 19 3 10 -8 4 9 2 -11 7 -14 14 -4 13 -6 9 -3 -13 -5 13 20 1 1 17 8 5 -18 -9 18 9 3 8
8 0 -8 17 15 -4 19 -16 14 -8 5 -8 -14 -20 -4 -10 1 -3 4 -18 13 -1 -17 -4 -6 4 14 -12 -1 2 9 -17 7 -8 -10 -3 -13 1 -9 -12 -8
1 12 6 -16 -13 0 8 -15 14 -10 -13 -12 -6 -4 19 14 -3 1 7 14 -9 -6 -14 3 6 14 -17 11 20 -1 7 11 10 7 2 12 -14 -16 -8 15 -3
-14 12 3 20 -8 3 -9 -19 -15 -1 -13 -16 -19 2 15 -16 -6 -11 2 -15 16 -14 -13 0 -6 15 15 -18 -3 -11 -6 16 -20 6 0 -15 20 -10 18 -8 9
-7 -1 -4 15 -10 10 13 -19 10 11 -2 8 -15 14 -18 0 18 -4 11 20 7 3 7 20 -8 1 7 19 -4 -17 -2 4 4 12 -5 -4 -14 -9 19 14 -2
18 3 4 -1 -20 12 2 1 -8 17 13 -10 11 -17 10 -5 -6 2 8 4 -10 -9 12 -6 20 13 -11 2 11 9 -7 3 6 4 12 -11 7 14 19 -3 -10
3 13 -18 -17 16 -2 12 4 -20 -12 15 8 -13 -20 3 12 -8 5 4 -1 -4 7 -9 7 0 15 -20 16 19 -20 19 16 -20 -4 11 19 -17 -8 -12 0 1
11 -17 -13 -4 -7 -10 -18 -6 -13 11 0 15 0 -4 -6 -20 19 10 3 -12 -20 2 8 20 -9 -4 4 13 18 15 5 16 6 -6 -8 9 -16 -8 3 -8 0
0 -11 -16 5 -15 -18 15 13 -2 16 10 -14 17 20 4 5 -11 -11 0 10 -16 -10 -19 -7 2 6 -1 16 7 5 2 -11 10 -13 5 19 -13 16 10 -2 -2
15 10 -7 -12 -17 6 20 13 9 19 7 -18 6 8 18 -7 18 19 1 17 17 12 -3 0 15 7 15 4 20 -2 18 3 -4 -4 -6 -9 -14 16 3 -9 -15
5 -1 -18 -8 18 11 11 -9 0 18 -7 16 -15 -15 0 -13 -3 -20 -3 17 -19 1 -9 20 19 16 -8 12 -10 14 -11 -10 3 -9 -2 -15 -17 2 -8 -7 -13
20 -18 12 11 -6 17 -5 -16 9 -18 -15 9 9 -7 14 19 -4 -5 -8 -14 -16 12 5 19 -7 6 -1 -20 -15 -9 19 5 -8 -15 -17 12 -4 10 16 8 15
9 -20 14 8 -12 -3 10 13 9 17 7 11 20 4 17 -2 -16 -18 -15 16 13 15 0 10 15 11 -14 7 -12 -7 6 -9 -12 17 -16 20 -10 17 -12 -10 -16
18 20 1 -13 13 -7 -4 -1 -2 -19 11 12 -1 17 18 18 -19 -9 -17 -17 7 10 14 17 0 -7 10 -11 -4 -19 -3 -8 20 -18 -18 13 -17 -20 14 20 -15
-17 2 -2 -8 12 -11 15 9 -2 -5 6 -13 -17 -15 -17 7 -19 -17 -20 -20 0 -17 -12 4 -8 19 13 -10 4 -5 -11 13 -3 -20 2 -15 9 17 -1 20 17
4 -9 18 6 12 5 -13 17 1 18 18 -20 2 -8 1 -18 -5 -18 -8 4 10 10 10 13 9 -11 5 -11 -14 19 7 -12 -9 9 -6 7 15 0 -1 6 -7
-3 10 -19 9 -10 13 11 3 15 -1 9 -19 -9 -18 -14 17 -1 4 9 1 6 6 11 14 0 20 -20 18 -15 18 20 3 -13 -5 16 5 -18 -12 1 -20 7
11 -18 11 -7 3 -2 6 -17 -10 -6 3 -13 7 -20 -15 18 -15 7 18 -13 -3 16 1 -14 7 -1 13 14 7 12 -12 -13 1 -14 -19 14 19 0 14 17 10
-8 -11 -15 10 9 10 18 -2 12 -5 -9 15 -14 19 -14 12 5 15 -3 15 0 11 -10 -14 -17 12 -16 11 -14 12 20 -20 6 -15 13 -9 18 16 9 -19 3
-12 -8 5 -5 -1 -14 1 0 14 12 -5 -4 -4 -6 -19 6 14 -14 -5 -13 17 2 -3 20 1 -15 18 -12 -1 -9 -14 -9 -6 14 -2 15 9 14 18 16 -13
-8 -10 -5 19 -3 -7 -19 11 -7 -6 0 1 19 12 -19 10 9 14 0 -4 16 -10 -1 2 -7 -1 -9 -8 4 1 -13 -1 12 7 7 -1 -4 17 4 -8 -4
-2 5 1 8 15 -4 7 -11 1 -2 4 -16 -5 1 15 0 9 16 -8 -16 -6 4 -1 -6 -18 16 11 -14 15 16 -12 19 -14 7 -10 -12 9 -9 -19 0 8
-17 -10 0 1 18 -4 5 -19 18 14 -1 -15 -16 1 2 2 -4 -6 -11 18 6 -5 18 12 18 -10 0 -11 -10 4 4 -3 19 -17 6 -7 3 -6 15 -2 -14
2 6 13 15 15 18 -1 9 -6 -13 15 2 -11 -10 14 -10 4 -7 -13 6 -7 -11 0 10 -3 -7 -11 14 10 -13 6 -15 -14 -6 -15 -10 -4 16 -8 20 -10
4 11 19 15 2 7 -11 17 15 20 -13 17 -19 -8 4 2 -5 -11 3 3 -4 -19 10 5 -9 7 -10 17 -13 -1 -19 -13 9 12 6 10 7 20 14 -2 -2
18 -8 9 -17 -20 1 -2 -1 -7 15 -4 13 -2 12 9 14 -2 -5 -4 11 2 16 11 -11 10 14 -3 -15 -13 -15 11 20 20 19 -14 5 -9 16 -11 5 -5
8 -11 12 -3 18 -11 20 17 18 17 -20 -5 10 -12 10 15 -6 -18 18 17 -6 13 5 -6 6 17 -11 -3 -15 16 3 15 -9 1 8 -10 -10 -1 3 -4 -5
10 -8 0 -16 -8 20 12 14 18 13 -9 -8 19 -19 17 -17 -14 16 5 6 16 20 -3 -13 -15 -18 -6 4 4 -9 20 13 -16 -3 18 19 -17 -19 -5 18 -14
-11 -1 -8 1 11 13 -16 9 9 -3 -1 -2 7 -8 -2 11 -20 12 -17 19 -10 -11 -6 -18 -20 -6 -19 6 -14 2 14 20 9 17 2 -9 -17 12 9 -7 -12
17 -11 -4 15 -7 -14 14 17 16 -20 13 -12 7 -4 11 0 8 -3 -8 0 -10 -20 -6 -14 -9 -17 -5 3 -19 4 -18 0 9 8 -3 14 -2 20 5 7 -2
-14 -11 15 13 -7 5 -16 1 18 -7 -3 4 0 -18 -20 -17 4 -15 10 9 -4 -7 5 -15 2 -4 -19 9 17 18 1 -8 -9 13 -10 -19 -4 6 1 20 -18
-3 20 -15 -4 3 14 20 -2 -14 -16 2 9 7 -13 2 -16 -18 -12 5 -13 -20 -1 18 14 16 -13 -5 -14 2 9 3 0 -9 8 -17 -9 17 12 4 -2 -14-10 -3 8 -9 -12 10 3 -10 17 8 20 8 -18 -9 -10 -5 2 -2 20 -10 18 -8 16 19 -17 -16 2 16 -17 2 -9 -12 -1 -7 -5 -11 -9 -3 4 -9 10
-14 -15 -12 5 -5 -15 4 -12 -8 4 -15 20 -4 7 -18 -16 3 2 -2 -12 -9 -14 -15 -4 4 18 -5 4 -11 1 -7 -7 19 13 4 18 -12 11 2 11 -17
18 -9 0 -18 6 2 -15 13 -5 15 2 -16 11 4 5 -17 -2 -14 8 -3 -8 2 -6 12 -12 3 -10 5 -15 2 8 6 -4 13 -13 -8 -19 -9 12 -5 -16
14 0 1 4 -1 -14 -8 19 8 18 -8 12 16 2 9 -2 -6 11 19 -10 18 10 0 7 13 -5 -20 19 -19 -17 -17 13 -8 -5 -3 1 15 -10 -6 -19 -5
1 0 13 7 1 -11 -4 16 -2 17 10 9 -11 11 -11 1 -16 -13 11 -16 -5 15 16 19 1 0 -10 18 12 -6 7 19 -20 -9 -10 2 -17 -15 4 -14 2
13 -18 9 3 -17 15 -9 -13 0 10 12 -14 -14 -11 16 -11 -1 8 15 -10 4 11 2 -6 -7 -20 12 -13 9 -3 -16 -14 -8 9 -5 18 8 -20 15 20 4
-13 8 -5 -20 -9 1 -8 -15 -12 17 3 6 -19 17 15 14 16 -17 7 -2 -6 9 2 11 -13 -7 3 20 -6 -4 -6 15 -19 8 12 5 10 -10 3 -14 -1
-12 5 12 16 14 1 4 13 5 -20 2 -13 -7 14 18 -12 12 10 9 20 -8 13 -14 4 -9 11 -20 16 -15 8 -16 -7 2 2 -7 15 -6 -13 -17 18 -4
3 12 11 -1 -6 1 1 -7 -2 -2 -3 14 4 8 -2 10 15 8 -13 -7 -16 15 8 2 -11 4 5 15 16 -16 -15 4 -1 -17 -6 8 -16 -5 -1 12 17
15 0 -14 1 12 -17 -15 2 7 -19 15 -17 15 2 19 12 -14 -13 6 15 -13 -10 3 -8 15 1 19 0 9 -9 0 13 -4 -6 -5 -15 -9 -18 20 20 -1
-2 10 -5 10 19 14 -15 -6 -11 17 2 -20 4 -5 -19 -16 1 14 -13 -14 -17 3 -1 -12 20 14 16 4 13 -12 4 12 -3 18 -12 7 -18 9 16 -9 3
13 -9 18 -12 -6 10 -3 9 -2 8 -8 -18 -5 7 -4 6 7 0 -18 -3 12 -2 1 -6 11 6 13 -11 6 14 -10 4 19 12 -18 15 -14 2 -3 -6 -12
11 18 -19 -20 -17 15 -18 18 7 -20 9 -9 6 9 -7 -19 11 0 -4 -10 16 1 16 20 -4 17 1 -18 6 -4 13 8 0 12 20 3 9 5 19 -19 17
14 -2 15 -10 -20 17 4 -13 3 -14 13 16 9 -5 -4 9 16 2 8 -5 -19 7 16 -6 -18 1 -18 20 -12 1 18 -3 18 -1 5 -20 7 14 -3 -5 10
-5 -9 -17 -6 0 -15 7 3 -19 -7 19 -15 14 19 5 2 -6 -1 17 -14 -20 -3 1 13 1 6 -7 5 -7 2 -10 4 -11 0 2 -8 -5 -2 15 19 8
5 -13 -12 18 -7 -20 -8 14 3 -2 2 19 17 -6 11 5 -1 -8 -5 -8 -16 -17 -19 16 7 12 11 18 19 12 -8 0 10 -16 -6 -20 0 13 2 8 -8
11 -11 -7 9 -14 -1 -3 -15 2 9 19 11 4 0 9 6 -8 12 -7 2 4 -11 12 19 -7 12 -4 -13 -8 -9 -20 -7 -6 -11 -9 19 -1 12 -15 17 19
-16 -10 18 7 6 -4 14 6 18 0 11 -13 -19 1 10 -16 1 16 14 10 -20 11 14 12 -20 3 -3 16 -18 -20 -3 17 6 17 -8 -19 10 -1 6 18 14
-16 -9 1 -7 -13 -7 -15 7 -18 -14 14 2 4 -18 -9 15 2 -17 8 -10 -14 -3 -19 -16 -14 -10 -11 14 -4 -13 -20 -11 -19 15 3 -19 3 11 -9 16 -16
9 3 -8 -1 19 18 20 7 -7 5 -17 -12 -19 6 -5 0 -9 -9 4 -6 -10 -5 8 -6 -9 -9 14 1 -6 -14 -1 -10 -20 -17 -11 -16 1 -12 -17 0 15
13 13 6 6 -13 15 20 -12 10 -6 9 0 14 18 -10 12 -20 12 5 -16 -13 -14 -13 -12 -17 -2 -13 9 -6 -15 -12 -5 -14 -7 -20 8 -8 -9 2 15 -7
16 -14 -15 -3 20 5 12 -8 17 -9 -4 0 11 19 14 8 3 -20 -3 -17 12 -17 -1 8 -19 -3 -20 20 7 -3 15 13 -7 -19 -2 -5 -5 -16 -2 0 15
6 5 0 -18 1 6 -20 -4 15 11 16 -19 1 10 8 -8 -8 -10 19 13 -14 11 10 8 2 17 -16 5 7 -8 7 12 -16 -16 -10 9 -9 20 -1 -7 20
-20 -9 -19 0 17 -16 -16 -10 19 -1 -19 -10 9 -1 9 2 -14 4 -3 -4 0 0 15 17 15 9 -3 -20 18 13 -15 -18 17 -5 -7 -16 -1 -14 -15 9 12
0 13 2 -2 16 16 17 0 -14 -2 -11 -14 -11 4 -3 -20 -7 -15 -3 11 15 1 2 14 10 19 -16 2 7 9 17 9 1 16 -19 19 0 8 1 -20 -12
-10 -10 -6 13 16 -17 18 -7 -3 -16 5 6 15 4 17 14 -18 19 -16 10 -17 -11 1 -18 -4 -12 9 -1 14 -19 -18 -8 -11 -7 15 -5 7 -19 6 15 -3
-11 17 -18 12 -6 20 -12 13 -13 -2 -9 2 -7 -16 1 10 10 13 -2 16 -4 19 -2 -13 -8 20 -5 -19 15 9 -7 -10 -3 3 4 -1 -9 1 8 10 -14
-14 -18 16 -1 7 18 2 1 1 4 -8 8 0 19 1 8 -2 9 -19 18 16 -5 5 18 -14 18 5 4 -1 -4 -14 -6 -18 4 -17 6 12 16 7 17 -8
-8 -3 18 -11 -7 3 0 17 -1 20 -7 -15 -9 0 -7 9 -1 -15 0 19 -6 4 -8 -4 19 1 20 9 -19 -3 -13 -1 0 8 -13 2 10 12 18 6 14
9 18 -15 1 18 -14 13 20 18 -5 -9 10 9 18 -20 -15 -4 -2 -14 5 -9 20 -6 -6 14 -18 -12 -1 -2 -17 -11 2 -19 7 17 20 20 -5 -2 -20 20
11 1 -16 -19 20 -1 16 16 1 10 -13 15 -1 5 -16 -19 -18 14 10 7 -13 -14 -13 12 -11 -10 3 -9 -17 11 7 -11 -7 16 10 12 -16 14 1 -11 -7
-2 -3 16 14 -20 12 -20 -15 -8 7 19 12 19 2 -3 -3 8 -19 -19 5 -2 10 3 -9 13 -2 -11 -17 -11 -6 -6 13 8 -11 5 12 8 1 11 -12 -11
18 3 1 5 11 -20 3 -10 17 18 19 -2 1 6 4 -10 -19 20 -6 -2 3 -10 9 -12 -11 12 -2 -17 6 -15 6 -3 -19 20 -12 -18 6 -20 -4 20 -2
4 -17 10 -11 -15 -12 20 -11 -1 -19 -16 7 -12 6 13 11 5 -12 -13 5 5 13 -7 7 8 -13 6 -11 -10 6 -9 13 14 -17 10 2 9 19 -9 2 -20
17 -6 -12 10 -10 3 -4 1 2 -11 -13 12 -11 -12 8 3 -13 11 7 -1 15 1 2 -3 15 3 12 16 -19 5 -9 -4 -6 1 -20 -8 13 -18 -12 5 -1
-10 -2 -12 9 -14 -19 -1 -12 -10 9 -1 19 -16 13 4 0 6 -5 -2 5 -16 -10 6 -1 -6 16 5 -6 -16 17 -7 4 -12 -1 -15 -16 -19 7 7 -5 -11
-13 3 5 14 19 7 0 -18 16 -7 20 -18 -6 -9 3 20 10 -17 -2 5 -17 -9 -16 12 -11 -2 -2 -13 13 4 13 -9 7 -12 15 17 -5 -19 -20 10 11