16 -17 19 18 19 9 2 13 0 -9 8 18 15 -3 11 1 -1 18 12 2 11 3 0 -17 4 20 16 14 2 -16 15 19 4 -13 15 -5 2 16 -1 -1 -1
-12 9 -9 14 18 2 1 -17 -2 -5 5 8 -19 6 -16 -2 18 18 4 11 4 -16 -16 -5 -13 -8 -15 17 -3 -4 -14 -16 16 -5 11 16 10 -20 5 -8 13
7 20 -12 13 -8 4 -9 20 -13 12 -9 -3 -14 2 1 9 16 -1 8 -14 20 8 -7 -19 12 -1 -13 -9 -9 3 -5 -10 -2 17 -13 4 0 7 12 -6 18
1 13 18 -8 -8 17 5 8 4 -1 -15 -13 -18 2 4 -20 -1 -19 -15 -11 -3 -3 -13 4 12 19 0 10 1 18 16 -12 2 17 -15 17 19 0 -19 -15 -5
7 -18 12 1 -11 -11 -3 -20 -13 1 1 19 12 6 13 -18 4 18 9 -10 14 11 -17 12 1 11 -13 -11 -3 10 19 12 20 -19 -15 16 13 -13 2 -8 9
1 17 17 -8 1 -10 -19 -9 20 -4 -3 -14 12 -12 13 -20 -2 10 -6 -7 14 -1 2 -5 0 -4 8 0 -7 -10 14 -5 13 -1 -7 9 -10 -16 16 -11 12
-13 20 18 0 -10 -6 -13 1 -6 -17 8 17 -11 -20 -15 9 5 -1 -8 18 -6 -20 0 -9 -20 -15 14 -6 8 1 -10 20 -18 -16 -15 4 4 20 -11 6 -9
-19 9 -17 -18 10 3 18 -4 10 -8 8 -2 9 -2 -15 -10 10 0 -2 8 7 18 17 12 0 -16 -15 11 9 -17 12 11 4 1 16 -20 -16 6 -5 12 -19
-7 10 -17 2 17 15 -5 -16 16 -13 12 -11 -10 14 15 -16 11 -12 16 -16 -12 2 19 9 19 -17 0 2 -15 16 17 5 -6 4 13 4 12 -19 11 3 6
-19 -10 17 -7 -10 -13 3 6 19 15 5 -17 -7 -15 5 -16 4 14 -19 -9 10 8 -17 -19 -14 -11 -8 2 20 -2 -3 8 3 7 -16 7 20 1 -14 -11 11
-7 13 1 -17 20 -8 12 -12 9 -13 12 -16 -17 3 -20 19 1 7 -17 7 16 1 20 3 2 -2 -16 -5 -7 2 3 2 4 -4 13 20 -9 -3 16 -4 16
-6 -11 -19 10 -10 -14 13 -15 -9 -11 20 -10 20 -18 7 17 19 -10 8 -20 -19 13 -2 7 -13 -7 -19 -9 19 20 8 5 19 -20 -6 -19 10 2 -11 12 -8
10 8 -15 -6 -2 0 12 11 9 6 8 19 19 5 -17 -9 -7 9 -14 3 16 11 5 -9 -12 -3 -8 -16 -4 -13 15 10 7 14 3 6 -19 14 -4 -19 5
15 10 8 -13 4 12 -7 -3 -19 2 -8 -19 -11 -8 3 11 18 19 15 13 6 0 10 7 9 -15 1 -9 19 9 -1 6 0 -9 -1 -4 -8 6 -10 4 -15
-2 -1 -10 -13 -19 -2 7 4 17 -20 15 6 9 0 12 19 -17 -19 6 8 20 13 9 11 19 -19 -15 18 20 -14 -10 -18 -8 -4 -15 -7 -10 17 -16 -12 -11
-1 8 -14 18 -2 12 16 -4 -6 10 -15 -10 9 -9 -1 12 1 6 13 -3 17 15 14 -6 17 -13 17 -19 -5 -2 -13 18 7 13 -15 5 -14 -17 -1 -17 12
10 -9 -10 -19 18 9 -2 -15 2 -3 12 10 -18 -2 -16 14 12 18 17 -7 15 13 1 -13 10 5 10 8 4 19 -9 -2 -18 19 1 1 2 0 5 8 12
2 11 2 -15 3 -7 -18 18 2 19 3 19 -14 2 -16 10 -16 1 2 12 -5 -20 -3 19 9 -4 -13 6 14 20 5 -10 20 6 5 -1 19 11 -3 -5 17
-1 15 -18 -16 4 11 -17 -10 18 -19 -10 -12 3 -7 -2 -2 -6 -7 5 -18 18 4 18 -4 8 16 -9 -19 -14 11 -3 10 12 -7 -16 3 16 -20 -4 2 -3
-11 0 17 1 -16 -13 -15 15 18 -10 9 -18 10 13 5 -5 -10 17 8 19 8 -13 -6 13 -5 12 -10 -12 -15 19 -19 -5 -16 -15 13 18 -14 9 15 19 -12
-5 -9 -2 -6 0 15 11 16 6 0 -17 -16 8 13 20 18 -10 11 12 -6 16 -15 -9 11 4 3 5 -8 -16 -15 -9 12 -9 8 -13 12 12 -6 14 0 -3
13 -10 -11 15 -6 7 -17 -11 16 15 -20 8 -11 1 6 -18 3 0 -2 2 -1 -6 2 11 -20 0 -1 -11 -16 -18 -17 -5 -17 -7 20 2 8 0 -7 -6 -4
11 -13 19 -15 -11 -8 -9 -15 8 -12 -7 17 -15 -20 11 12 3 -8 -7 3 7 0 6 15 -10 -16 13 -2 -8 7 16 14 8 6 -19 4 5 19 -18 19 9
-16 6 13 -17 -12 -3 0 14 -4 -20 -8 -19 16 -16 15 18 14 8 -16 -5 8 16 3 15 17 5 13 -15 16 20 -10 12 -2 17 -20 -15 -9 -18 -2 15 0
-2 14 5 5 -5 16 18 -1 9 20 -4 5 -15 0 8 -14 6 0 -16 -12 -17 -9 9 -18 -9 18 6 10 -17 -15 9 -17 19 7 19 -15 -5 -7 -4 -14 13
-18 6 18 -14 -2 -16 14 17 -1 -14 6 5 19 -8 4 14 -8 -1 14 9 -2 -1 11 -19 -14 -9 -9 -11 19 -2 -11 -1 -14 -10 5 18 9 15 4 7 8
-20 -20 20 0 -18 -16 0 -7 -3 -2 11 7 -16 2 -9 -12 2 -12 4 12 6 8 -2 11 19 -7 -1 -6 -5 -12 7 -2 5 -5 -19 -3 -19 15 20 11 11
-12 15 -6 -18 -18 8 1 -9 -5 -13 -6 -6 -9 11 -13 -4 16 13 -8 -4 8 -16 9 17 15 -19 -6 -7 -1 -14 -2 17 0 19 4 -2 -2 -1 15 14 -15
-20 20 -12 -14 8 15 6 15 20 -20 -10 -4 -20 1 -18 3 -1 5 -16 16 0 -10 -4 18 -13 -7 -17 -16 8 -13 -19 -5 3 12 -17 4 -14 -20 3 -11 -8
17 -10 13 -14 -7 -6 -6 4 6 -9 -17 -2 6 7 17 -2 -19 2 -18 -9 4 -19 6 -17 8 13 8 3 -14 16 6 -12 -11 -17 -2 15 -14 11 9 15 -8
0 -15 -17 -17 15 4 -20 -10 11 20 5 -11 -16 -5 -3 -4 -5 15 -20 -7 13 11 -12 -11 20 16 -20 -2 5 11 19 8 -11 13 -17 -12 1 -19 -12 3 -13
-4 -18 12 -20 -8 -5 -18 0 9 -17 20 -5 18 -13 4 14 11 11 -9 -2 9 18 5 -6 -9 6 15 8 -19 -10 -4 20 11 -1 13 0 -20 -7 -2 -6 6
-19 19 -9 -8 6 -2 0 20 1 12 -1 1 -9 11 -5 -3 -2 17 -18 18 20 -5 -12 11 -3 -11 6 1 6 -1 -12 18 -15 12 10 -7 -6 -9 12 7 5
-6 -8 9 -9 -5 -13 -14 -7 -3 16 -6 -15 20 -17 -1 1 8 -12 -3 -9 1 -5 0 14 -19 -7 3 11 -2 -17 18 -6 15 -12 5 1 5 18 -4 -18 -5
-11 -20 -14 15 -6 -15 -18 -3 2 -19 3 -15 9 -2 -20 -13 15 -14 -4 8 7 16 -7 -4 11 9 18 -20 -15 -8 -8 5 15 -13 -5 2 -20 4 16 13 -4
-10 -19 -20 20 -15 1 -3 -11 -7 -3 3 20 0 -1 -7 12 17 -1 5 0 1 13 14 3 17 -4 16 11 -9 12 -19 -10 18 13 15 -15 -13 -14 -10 3 3
-12 -1 9 -17 -2 -10 18 17 -13 -3 -17 17 -15 14 8 -2 -12 16 -3 -6 13 -19 1 -18 14 16 10 4 -1 11 -6 -14 -18 6 -13 14 1 -3 16 -13 59 -7 9 13 1 -17 -1 -9 -10 -3 11 -3 -3 -6 13 18 -5 5 13 20 14 -19 -7 14 14 20 -15 7 -4 18 17 -15 0 -7 -11 -6 12 0 20 -15 5
-6 12 8 10 -11 2 -13 15 -5 1 2 -6 0 -18 0 12 8 -15 -3 20 11 -19 0 2 13 -8 -16 -4 -19 8 -7 16 -9 4 -15 -20 4 -2 -1 2 -15
7 -11 16 3 2 10 11 7 19 9 15 -3 11 -4 -9 -17 -12 2 4 -6 -2 -18 -11 15 -16 -5 -6 -13 12 0 9 6 0 -13 18 -6 -4 2 -13 10 1
10 -17 10 -3 -13 -3 -7 17 -17 5 15 4 18 15 -9 -18 11 -7 3 -17 11 -2 14 13 -4 -18 -4 -5 -20 -8 -18 15 1 -20 -13 0 20 10 -10 12 15
3 18 -19 -10 -19 15 -14 9 7 -8 -3 8 13 -16 13 -20 -11 18 20 -8 -8 19 5 -8 13 -1 14 14 -18 -3 -18 17 18 -13 10 18 17 12 -6 0 -4
-9 -2 -17 -6 -5 -20 -17 20 2 20 20 -17 17 0 20 14 -1 1 -16 -16 -8 4 17 -11 -19 1 5 16 19 -2 -12 -12 2 -4 18 -10 -10 -18 4 -4 16
20 20 -8 16 -19 16 -12 -17 -3 -14 13 -19 -1 -5 1 0 20 -13 -13 -3 4 -6 4 -17 -7 -3 -2 -1 -8 1 15 13 6 12 8 -7 -15 -20 7 -12 15
-19 -2 -15 -20 1 -10 15 13 -9 -5 1 -11 13 -1 -17 -14 -14 -6 9 19 12 11 -15 8 -17 -5 -8 20 -15 19 -10 -16 -19 -1 -12 0 13 8 -12 -15 -11
13 -13 8 -14 -9 11 -15 13 11 -3 16 1 10 0 2 -20 -17 1 -12 10 14 1 9 12 6 20 -17 12 -10 -4 14 11 -10 9 -18 18 0 -2 -2 7 7
1 1 -10 17 0 11 -13 -1 12 15 -1 3 17 -12 -15 -1 -3 -5 -4 7 11 6 -5 9 3 12 -4 -13 16 -10 15 -7 15 19 10 -7 -6 -13 -13 5 3
19 -6 -8 -10 -11 5 -20 -7 10 19 -16 -9 20 20 8 19 -13 14 -17 -19 -8 13 17 14 1 9 3 6 -14 -4 -3 -8 -11 -15 -5 -17 8 7 12 15 7
20 -7 -19 10 16 19 9 10 17 8 8 10 1 4 8 3 -13 1 11 -13 10 6 20 -17 -10 3 -3 8 -12 -12 3 -15 -15 -16 -3 -16 16 -18 -12 7 -19
-1 -9 -17 -16 -15 -8 6 18 16 16 1 10 -3 -11 12 -20 -14 6 -18 -13 3 6 9 6 4 -19 8 1 1 13 -19 -11 -20 -7 -2 15 14 -8 16 -15 -12
-4 -11 -14 14 -12 -16 3 20 -6 10 15 7 -18 7 -13 0 14 19 1 -15 3 16 -5 -12 -17 -4 7 -10 -14 12 -5 -8 0 12 9 20 13 -5 8 -10 19
4 17 4 -5 8 -14 -7 14 -9 3 10 -17 20 17 -3 19 0 8 11 -4 19 1 13 -16 9 -11 17 20 -15 -10 -6 -20 -16 10 -8 -5 17 -2 -9 -9 -8
20 -15 -12 -9 9 18 11 8 8 3 -14 0 -10 -7 20 1 19 -5 4 -4 3 -15 6 18 2 -2 17 -16 -18 2 0 -4 -14 10 10 13 18 15 7 -13 -19
0 14 -8 -20 -4 -7 14 0 0 16 -1 20 2 -13 -9 1 10 7 -3 -8 -8 17 -6 -12 20 12 4 0 20 3 10 -16 5 -13 -19 -12 15 2 -2 5 19
-8 -9 -2 8 1 1 15 20 -7 12 -8 17 15 -16 20 -10 -13 9 -17 0 19 -19 -18 -9 -8 -19 -6 17 -16 -14 -16 2 6 14 2 7 3 18 -7 -16 15
-14 16 -5 5 -18 8 15 -11 -15 7 -18 -18 5 13 -16 0 17 18 -8 14 -20 9 0 3 -6 -9 -2 -6 10 -12 4 -1 4 -12 3 20 -3 15 12 -12 0
2 13 -20 17 1 -12 -16 -9 -15 -11 14 -13 -4 8 -11 -10 -1 -14 19 -18 12 20 15 5 -14 -15 0 -16 -5 -15 -5 4 7 3 -6 1 -7 2 0 20 11
17 -3 13 4 2 -18 1 -12 -17 9 -3 0 6 -15 -3 6 4 20 15 -8 -2 -4 9 16 4 7 2 0 6 -7 -2 20 16 -18 -19 -20 10 3 3 3 2
-17 13 18 1 -14 -10 9 18 18 9 5 8 15 12 -2 -7 16 -20 -11 2 9 -7 5 -18 5 16 -3 -10 9 6 12 -19 -10 -14 -1 -8 4 13 16 -12 7
2 10 -2 -14 -15 9 -1 -15 -10 -8 3 -2 7 4 10 -17 -10 -5 15 -5 10 14 -15 -14 19 -5 -6 -19 -6 5 20 -9 -17 11 20 14 20 1 11 -8 17
-15 -18 -5 5 -8 14 -1 5 -20 19 -7 -11 -2 15 3 -9 20 20 -1 -13 -19 3 -10 20 -9 -4 -14 -2 20 -13 9 14 -4 -11 15 6 13 18 20 8 -6
-6 -1 -6 2 10 11 6 -1 8 18 -16 -18 -18 -15 -4 -8 19 -14 -1 14 6 -16 14 -8 -10 -19 -12 -15 -16 -20 15 7 -8 7 8 -3 -15 17 -12 -13 19
-11 12 10 -10 3 4 18 -18 5 13 18 6 3 -10 14 -2 18 4 -17 -19 6 5 6 13 -17 12 -1 2 -3 -12 -1 -1 -2 -3 5 -11 -7 9 -17 -2 10
2 -3 -20 -6 9 -18 16 -5 16 -3 10 2 0 15 13 -15 11 -7 1 -3 -14 9 0 -10 -6 -4 -5 -13 -6 19 -1 9 17 -13 -1 -14 14 12 15 20 1
3 -16 -17 14 -4 5 -14 9 -18 19 11 -3 3 8 -13 17 19 -18 8 -4 16 -17 17 5 7 -13 -2 9 10 4 -2 -15 20 5 3 -19 9 -8 18 15 7
-9 -16 15 6 6 -9 -19 -1 20 19 16 -11 -19 -7 -20 -8 15 15 -9 5 17 -18 5 11 -13 20 -19 8 4 11 -14 2 -7 1 -6 20 5 17 -9 5 -11
-14 12 2 -6 -3 -7 -1 -17 6 -18 1 7 4 -12 -4 10 8 -20 9 15 -1 11 -3 17 -15 11 5 -20 17 -20 17 12 10 4 -10 -2 -9 -5 -10 -2 -8
-2 -12 5 20 18 16 -10 12 -16 13 -20 -7 9 2 4 15 20 -18 1 -10 5 17 0 -10 15 16 14 -13 7 -18 -12 11 16 -6 4 0 19 -15 -17 3 10
20 -2 3 17 13 19 -20 -2 -14 3 -20 -16 15 8 7 -14 9 11 17 -6 -9 -3 -4 -10 5 7 18 4 16 -12 15 11 -18 2 -5 -1 -9 3 -20 -2 12
-4 4 -6 5 -1 15 -8 -19 -13 9 6 17 18 1 12 4 -19 -3 -6 -9 10 -9 -10 14 9 8 -11 -10 17 -6 -6 -11 -12 -10 -17 -18 -1 -13 16 -3 11
-11 11 11 10 16 8 -2 -5 11 -17 -20 8 11 0 3 2 -16 18 1 11 -2 11 9 1 18 -6 4 18 20 14 -17 12 -13 -12 8 -12 -6 11 14 19 16
2 -5 4 13 -11 -14 10 11 -5 14 5 -17 -10 -15 -7 -12 -3 16 19 -13 16 -10 -20 -1 11 0 18 -3 -19 -2 -10 -12 -18 -16 18 -4 -5 -20 19 17 -18
-11 -4 -13 4 17 -7 6 8 13 19 -7 0 0 -5 -18 -8 -16 3 14 20 -7 13 14 5 17 4 -19 15 7 -15 16 3 -5 -19 13 -4 -5 17 9 2 2
11 -19 -4 18 15 6 20 3 -4 -17 13 -17 6 -4 0 9 -3 -18 17 14 -10 8 -16 5 10 0 12 -20 18 -7 -4 -15 -6 -20 -7 10 -20 -6 -12 17 12