14 14 -6 20 11 12 -17 -14 -19 8 4 20 0 -17 16 20 7 14 -19 -20 13 3 0 -19 -15 3 -20 -18 -9 12 -14 11 -3 12 -10 -1 3 -9 -17 -18 -16
7 11 -16 -1 -16 0 -10 9 -8 18 2 -10 -15 -13 -17 -15 -2 -18 -8 -17 -16 -2 -18 -5 -15 -4 6 2 -8 -19 -10 17 -8 -4 16 4 17 19 -11 -14 12
17 -2 -1 19 18 14 -7 -20 18 2 -18 -2 17 -9 4 19 -9 16 8 -8 -20 -1 20 19 19 1 7 -19 4 14 10 7 4 -12 -17 1 11 -7 3 -5 8
15 -13 -20 0 9 -18 -17 20 -10 11 17 3 8 -16 -10 7 -5 9 -15 12 11 -3 6 -13 -7 17 -4 -1 -14 -7 -8 -16 0 -15 8 7 -1 -20 20 17 -20
-3 20 -14 -9 14 -18 -2 -11 -2 12 11 -13 2 -11 6 17 10 7 10 -8 -19 -2 -10 -7 -5 1 19 -17 -5 -1 19 -20 -7 -10 -12 -10 -2 12 13 -7 7
1 11 16 -8 -5 -18 5 11 -20 20 -12 18 -13 12 -15 13 7 17 -6 18 -20 19 0 -18 -14 -19 -3 11 5 -3 8 12 -11 -20 13 -9 2 1 16 -5 -4
13 -10 19 -16 -7 13 12 7 -17 6 17 -13 -14 2 1 10 -19 7 -11 -18 20 -18 -9 2 0 10 -19 -12 13 -8 6 5 -14 -9 -6 11 -15 -9 16 7 -12
14 17 0 -4 -5 -16 -9 6 19 0 -9 -5 19 -14 5 -1 15 -14 13 8 11 -15 -20 -19 -19 16 -8 14 4 -6 -10 -18 -19 -20 1 19 -18 17 9 -15 7
2 3 -16 -2 3 18 -17 8 7 8 -13 -4 0 4 -4 19 -16 -16 11 -3 20 13 9 -9 13 1 -2 -3 2 5 -9 10 -8 7 -17 -16 2 -1 12 7 17
11 -3 13 -18 19 -17 16 14 7 16 17 -14 -1 -19 -13 20 -5 -9 9 -6 -10 -1 1 15 -16 -6 -20 4 -11 -9 -17 11 15 5 -8 9 17 1 11 -14 -6
-10 9 -4 -14 -7 0 12 -12 14 20 16 -20 -1 5 -2 -4 19 -3 -18 -3 18 2 16 -12 20 1 5 -1 19 -11 -9 -9 5 8 -1 -16 -3 -16 6 17 -13
-2 7 1 -7 -1 -10 19 -3 0 -11 -14 17 -18 4 -9 0 20 8 -11 1 11 14 19 -7 9 18 18 -11 -5 17 12 -14 20 20 9 0 -20 7 9 -11 -1
11 8 -7 -8 -10 1 -5 16 -14 -4 -2 -16 -14 -6 -9 -7 3 18 19 -6 7 -15 -17 10 16 12 -11 -17 -4 -18 -18 -20 -3 -8 -13 -3 -17 -12 -12 -12 14
-20 -14 0 -18 11 -8 12 7 -2 0 -3 -19 -16 13 18 0 10 6 -8 7 -12 8 8 -8 0 10 -18 -9 20 10 4 -2 -9 8 17 17 -5 -7 17 -11 -13
16 -2 15 -2 5 -9 -4 14 -14 -13 1 1 -12 -19 -13 12 7 -8 17 -7 -16 -18 -1 -4 18 -18 6 19 11 19 -14 4 2 7 0 15 9 11 4 5 -8
20 18 -4 -14 16 4 -1 12 0 18 -16 -12 -7 9 -1 3 15 6 14 -5 5 10 -2 -5 6 -3 14 7 20 3 -4 -5 6 14 5 1 -4 6 9 -17 -7
5 0 17 6 -1 9 15 -17 1 14 -19 -17 -7 -7 16 -1 -5 18 3 -11 7 11 7 -20 -17 13 17 -6 16 4 12 -3 -12 -3 15 11 -5 -9 2 -13 0
7 -15 -16 3 14 -17 -20 20 4 -12 14 9 4 1 10 0 5 4 -5 9 17 -12 -15 14 -18 -5 -5 15 -17 13 -5 10 -19 -7 5 6 5 12 -20 -5 19
-13 17 17 -10 -2 11 -19 18 -5 -18 13 19 -2 -2 -15 -2 9 -14 -16 7 -13 -2 -12 -19 7 -19 -2 1 -17 9 18 11 2 -1 -4 3 17 -19 -18 3 -20
-4 8 -9 -19 12 -10 -11 18 -13 -8 0 7 -11 -3 -2 8 11 -10 3 -2 -9 -20 -3 -3 9 17 -19 11 11 19 12 3 -18 18 -1 5 -2 3 -20 11 -16
10 1 18 -5 -20 -12 20 16 4 2 -20 -6 19 11 14 -3 -6 0 7 -16 6 -15 -5 -6 -16 4 12 2 -4 13 -2 -10 3 6 -15 5 3 6 11 11 8
-19 -20 19 13 4 -2 0 -2 -12 -9 9 -12 7 8 -7 20 13 13 16 6 16 -2 19 19 5 17 -4 7 -17 4 15 -3 -13 -11 -17 3 -18 -2 3 9 16
10 -6 -19 -18 -13 7 20 -3 19 -11 13 0 16 -7 -16 8 15 -15 -1 -15 -12 16 2 12 15 -7 15 -20 -6 -6 11 -9 -9 -16 3 17 -9 -18 19 -2 -1
10 17 11 6 16 -17 -14 -10 -18 16 -16 -14 -11 8 -17 -9 5 3 8 18 -10 -16 -10 -11 -19 20 -20 20 5 7 -2 -13 -16 16 -13 8 -13 17 -7 17 -2
-17 14 -2 -4 0 9 10 -1 20 3 -10 20 -7 9 17 3 18 3 -18 -12 1 -14 7 -5 -3 14 -7 -19 -10 -18 1 15 8 9 -16 14 9 2 -15 8 6
15 10 20 9 17 -12 -20 6 -11 0 -20 -20 10 0 12 -20 16 -1 -3 20 6 -17 -20 -2 -9 -13 -5 20 1 -5 5 -6 -8 -12 15 15 -10 14 18 -20 -8
-7 -18 11 18 15 3 -19 -8 3 -2 9 -20 -5 16 6 13 12 1 6 -13 -11 13 -9 12 -6 2 14 0 3 -3 -8 14 -3 13 12 -6 8 -11 0 11 6
-6 -6 6 2 -18 -11 9 14 9 -3 2 5 13 7 3 6 10 -1 17 -2 0 -7 8 -1 12 12 -8 10 1 -1 20 -5 -7 -20 10 -4 20 5 -2 14 9
4 0 -15 6 0 -4 14 -11 0 8 -3 -2 10 3 16 -18 -17 11 7 -20 -5 1 -10 -14 -4 -15 -2 13 -3 8 5 -12 -15 17 -4 -15 -18 9 -5 -2 -19
-18 3 20 7 -4 -2 4 -7 -14 13 2 15 -3 14 -12 -20 10 -2 14 0 17 4 -1 -20 6 11 20 -12 18 -13 5 12 5 2 -17 -16 -17 18 7 -20 20
13 -11 -15 2 18 -3 -7 20 -6 6 -7 3 8 -1 3 -8 19 -7 16 -6 1 -18 -20 -1 1 -8 -18 5 18 -1 -10 2 11 3 -19 11 11 -6 -9 19 12
-1 -5 20 -2 -2 -11 -6 5 -11 1 16 -12 19 -16 11 -20 15 7 -20 -3 -20 17 11 14 9 -17 -1 17 19 -14 17 2 7 -3 -8 2 10 10 11 -20 19
3 7 19 -19 -4 9 -2 16 -8 -12 15 -14 15 17 -15 19 6 -16 -7 -14 2 -4 9 2 6 -7 -8 10 12 19 -11 11 -5 13 -10 -16 -17 2 -5 -20 -16
-4 10 3 2 5 13 20 6 -3 -20 20 4 13 16 -15 15 11 -11 -11 5 0 13 6 1 3 -7 -5 -8 -12 11 14 20 20 10 20 -11 18 -5 17 11 -12
-14 -19 -12 8 -13 4 1 -13 -2 -5 -2 -13 10 14 6 -7 -9 -18 8 -9 -19 14 12 12 13 18 -6 19 15 -19 12 -6 14 8 -13 16 7 -13 -3 16 2
-1 -19 -15 12 12 -18 -8 -5 19 -11 20 5 -1 20 12 -11 19 -13 -8 -15 19 8 -1 18 -19 0 3 19 6 8 17 2 -14 -2 6 -19 18 -16 -4 19 1
4 0 -18 5 10 10 5 -5 -18 -16 -11 -14 -16 -13 -3 -7 -12 -8 -1 17 17 3 -5 13 -15 -7 -1 -3 -14 -5 -11 5 -13 -20 -7 -2 -11 -19 -2 10 8-1 -19 -15 10 -8 -7 18 4 -17 14 16 5 19 4 -10 -16 -19 7 6 20 -8 -13 8 17 -16 15 -12 18 0 16 11 15 8 15 -5 11 -19 -9 20 -9 11
19 20 -7 -9 20 -6 0 -2 -11 3 19 14 12 -7 -11 -5 -10 17 19 15 -20 8 -13 12 8 -17 -15 -1 17 -7 -12 -17 2 20 13 -15 -12 -18 -10 6 -17
3 -10 -9 -4 0 11 5 2 -8 -17 -7 3 -5 0 -16 5 3 -6 15 6 -10 1 7 19 9 -5 20 -9 -17 15 -12 11 16 -10 15 10 -20 -3 17 19 5
-7 -19 19 -15 -9 19 -6 16 17 -17 18 14 -6 -9 12 18 14 -15 15 -13 -15 -15 -7 -13 -10 -3 3 -11 9 -14 -14 -4 17 5 -4 -9 16 -5 -1 -11 15
5 -15 18 10 -3 4 -8 18 16 11 19 16 -6 20 -2 0 -8 5 -2 -4 -6 10 1 11 14 -9 19 16 3 16 8 -4 -1 0 -15 11 -13 11 -3 16 -8
7 9 -1 -4 4 0 -9 15 12 17 19 7 13 19 15 2 3 -5 -2 10 3 2 -15 11 14 15 -7 -9 19 -1 14 -1 -18 16 -2 -6 20 14 -20 -12 -1
16 1 -19 17 9 -13 14 -15 15 -8 -11 14 -8 -3 -4 19 13 20 11 -16 2 9 17 -3 -10 -10 15 11 -3 4 13 -15 -7 14 2 4 1 1 3 6 19
17 -13 11 2 -5 -1 -4 15 -9 -11 7 16 12 -1 0 -20 -10 -15 14 -5 -3 -1 2 -11 -7 -6 -15 12 15 13 15 5 17 9 11 18 16 -4 -19 18 13
2 -4 3 -19 3 6 -11 -6 -7 -4 9 -10 9 0 -16 8 8 7 10 -17 -14 13 20 1 -12 -13 -9 5 -16 -16 15 1 -4 13 5 -14 14 17 13 15 7
16 -19 -20 -8 18 2 -6 18 1 14 18 17 -9 -13 -10 -4 -5 -3 3 4 16 -19 18 2 1 7 -18 12 -15 16 9 7 -16 -12 -5 -16 20 -10 15 -12 9
-15 2 -4 -5 19 19 -7 -12 11 -10 3 -16 20 19 -19 -20 -11 -14 5 12 8 -7 -8 0 -19 19 9 -9 5 -17 -13 -11 -7 10 14 -5 8 -18 10 18 4
-13 -12 -9 -17 18 12 -16 12 -8 11 11 -6 -14 1 6 -16 11 -12 -14 -6 -3 -9 -15 2 12 4 -14 -13 -3 9 -18 -15 11 1 -3 1 -15 -7 -8 -7 3
-2 -11 11 3 4 -4 7 -3 10 -7 5 -16 3 12 3 15 3 -18 13 4 -20 -1 -10 16 -20 -6 -19 20 11 8 19 16 -16 14 12 -7 -7 -9 -15 -11 -8
7 20 5 -14 -7 -3 4 4 -16 17 20 -10 12 -15 -4 8 8 2 -8 -2 15 -6 -13 0 -20 -19 -18 -18 17 -18 -15 -2 -12 -11 -20 -14 -11 12 -4 -8 2
18 20 -14 -10 19 7 -9 14 -18 15 -11 -15 14 18 8 12 -12 -6 -19 -6 17 8 10 -20 4 8 -20 13 -3 12 7 11 15 -20 -13 18 -19 0 -13 18 -12
-10 3 7 -11 18 1 -15 15 16 -10 -7 -16 10 4 -17 -16 -13 -4 2 19 -11 20 1 -13 8 7 17 -16 20 6 -3 -15 0 -18 15 19 20 11 2 14 13
-7 8 19 8 -3 -4 11 -7 -7 -3 1 16 -3 -2 20 13 -11 12 2 6 0 18 -9 -15 12 -14 -16 5 14 -5 -8 -13 16 -6 10 -16 -5 -13 20 -15 13
8 -5 6 -10 -3 -11 -3 -4 -13 -7 -13 2 17 -13 -1 11 -7 6 -15 -5 12 -9 7 16 -12 5 11 6 -19 2 0 6 10 -20 -13 -6 16 3 -17 -11 20
-19 2 17 17 -4 4 6 -19 8 11 4 -7 16 -13 -19 7 4 10 -12 -9 -5 11 15 -7 4 -9 13 -14 -15 1 20 -3 15 16 18 -16 0 10 -15 -19 -19
-19 13 12 -18 11 -19 9 19 -14 8 -2 -1 18 -9 -15 7 5 18 -5 -17 -11 1 11 12 7 18 19 -10 8 9 10 14 0 5 16 6 19 -4 16 9 3
14 -13 10 11 6 18 -19 -13 4 11 -9 -2 8 7 -15 -18 9 15 10 10 -2 -5 -7 -7 15 -14 -4 -20 17 -20 -19 -12 6 11 17 1 9 13 -6 0 5
-10 5 -20 -2 -20 -12 -17 11 3 7 -12 16 19 5 -13 7 -11 -10 15 9 14 -14 6 -14 13 -4 14 -10 13 -5 -18 20 3 19 -20 2 -5 -9 13 -1 16
-8 14 2 1 20 -4 8 -3 -13 -19 18 16 6 1 -2 -18 18 3 16 20 16 6 4 -8 15 4 10 -15 15 4 11 10 12 7 4 13 7 2 16 -17 -4
-13 9 -15 -19 4 -7 9 -18 1 3 -19 -18 12 19 14 1 -12 14 -12 -9 0 6 20 12 -11 20 14 2 -6 4 3 13 -10 20 -13 7 -12 -14 18 -18 -14
14 20 19 -11 1 2 19 13 5 10 -4 20 16 8 -12 -12 -18 -8 -13 -18 5 -11 -10 -13 -20 2 8 -11 1 -15 6 13 6 15 -17 11 15 -19 -17 -18 9
-4 10 16 -9 12 1 8 -2 -5 -14 -16 -20 -9 20 -16 18 -13 17 9 -14 -14 -11 -20 -12 -20 6 20 -2 0 14 -8 10 2 -16 15 16 1 -15 -9 15 15
10 -19 6 -18 -18 16 -20 -19 10 2 -19 -17 -16 -4 -11 -17 -17 -14 -2 1 -15 -2 -5 7 -14 -20 7 -14 -11 10 9 11 -7 8 -5 20 18 1 5 -5 18
15 -12 -6 20 -8 -3 -20 -14 -20 -12 19 -1 -6 14 -16 -7 8 17 -17 -4 -3 -9 -4 -4 -16 -2 -20 7 3 0 6 14 -19 -5 -2 16 10 17 17 20 0
4 0 3 -16 -11 2 15 -9 11 -6 5 -10 -16 -1 20 16 3 15 7 13 7 5 8 1 1 20 12 9 17 5 18 2 -14 18 6 11 12 -13 -5 -16 16
-5 9 -19 -14 20 17 4 -13 -6 -13 -13 -10 15 -15 1 2 19 14 -8 16 18 11 -12 0 -13 -5 12 13 -15 -1 20 17 -7 14 16 -10 16 2 10 7 -9
-10 -5 -4 -8 -5 -5 -19 0 19 19 -19 5 4 -7 15 -14 -14 19 20 -6 -1 4 -18 -2 -12 17 15 15 -10 -7 -8 18 6 -15 -9 19 -11 6 -6 -10 9
8 9 0 -9 17 10 0 18 -14 7 0 15 2 7 5 12 -9 -1 17 20 -2 17 7 -4 16 -13 20 3 4 -5 -17 5 -7 10 0 6 1 2 17 -6 11
-16 11 20 -4 20 16 -20 20 14 4 9 14 -12 6 14 -3 2 -10 -1 -2 -20 3 0 -11 16 -2 -4 -15 4 -6 -8 -19 1 1 -17 -18 -16 -4 3 17 -13
0 20 11 15 -1 -4 12 12 -9 -5 8 -17 0 10 -17 17 13 -14 -7 6 -7 -13 16 2 13 7 16 -3 16 -10 12 -14 -4 -3 -6 5 -14 1 -3 -1 -18
2 -9 1 -2 0 0 2 -1 13 10 8 19 20 14 17 10 12 6 -14 9 -5 14 8 5 5 -19 11 -1 -19 15 0 6 -13 1 -17 -16 -8 19 -5 14 -3
2 13 6 18 -6 -20 5 -12 -1 -20 18 -19 -11 -17 0 8 5 -14 3 16 17 -7 20 15 4 15 1 -2 3 13 -8 18 -1 -10 -13 -5 5 11 -4 0 8
0 7 -3 16 -15 19 10 14 14 -11 8 16 16 -9 20 4 -4 -4 12 -7 9 12 -20 1 -6 -4 -9 -3 -8 11 17 8 9 -2 -3 -10 -4 1 -7 6 3