-6 17 3 -17 20 -5 11 -2 8 10 2 -15 -7 16 4 -4 11 -20 -6 7 -6 -2 4 -2 -10 14 18 18 7 -7 12 -12 -4 11 7 -4 6 -2 3 12 -17
-10 -10 8 -11 1 -10 9 -17 2 11 10 -4 -9 20 12 5 20 11 0 15 13 7 -3 -14 0 9 -3 18 11 10 5 18 -11 -14 -7 -17 -14 -10 -18 -8 -20
-11 -9 -1 1 17 9 -8 -6 18 8 5 5 -6 15 17 7 1 -9 16 1 -18 18 -9 2 -10 3 6 -15 -2 -14 -17 14 -6 -16 -7 13 -14 12 -16 -8 -14
-6 -9 -17 -3 -2 2 -20 -6 17 1 14 15 -8 3 -12 -14 7 16 -2 18 -2 20 20 8 -7 0 7 -5 2 14 5 15 -20 8 6 14 -15 -18 20 -5 -19
4 5 10 -17 -6 9 12 12 -4 8 14 -18 0 -8 18 15 -16 13 13 -10 12 -15 9 -14 -9 7 -7 -14 6 3 -12 -2 -11 8 14 -1 -12 12 0 -13 -5
9 -15 -16 -15 -20 13 -1 10 -20 -6 17 -17 -2 4 17 9 -9 2 15 -14 8 12 -20 16 -11 -11 -8 11 2 -13 19 0 -9 6 -17 -15 15 1 -13 13 1
3 -14 -13 1 18 -7 -4 12 19 -19 -2 -6 9 19 -16 -14 15 -6 -20 3 15 -14 19 -4 7 -1 -17 19 9 -7 1 14 -20 11 5 2 3 -11 2 -6 19
-8 -3 1 5 15 -12 -2 6 9 -20 12 14 -16 0 4 1 -10 3 4 -9 -1 -14 3 5 -10 9 9 -15 6 7 9 -19 13 -4 -5 12 6 -2 4 14 9
-20 -9 1 -20 -11 -11 -2 15 15 15 6 -11 1 11 -4 15 -1 14 -15 11 9 19 -8 -6 7 -20 -10 -3 -20 12 -12 16 -10 15 1 12 15 7 -2 7 14
-9 -5 15 11 -4 -16 19 20 1 8 -1 20 13 2 -15 16 19 8 -11 13 -6 12 -20 16 -14 8 -3 -4 -16 -6 4 7 2 7 -20 9 13 -7 -14 -16 4
12 -10 -19 8 16 12 -14 0 -2 -6 -12 -12 -11 -7 18 17 3 2 8 -5 16 7 -2 -5 -16 18 -3 2 -16 18 4 2 -3 5 -3 -7 18 15 14 17 -18
18 -8 -13 18 20 -17 -18 -9 16 13 17 11 18 -7 0 11 -9 7 15 18 -2 10 11 6 7 16 3 5 -13 -10 -2 16 8 -4 -2 -6 10 -4 1 -16 -4
-5 -16 -11 10 -5 -18 -10 13 -1 13 -20 9 15 -5 0 -6 18 -14 -20 13 -5 -17 -9 5 -1 -4 1 18 0 -11 18 19 -4 9 17 8 -7 14 -13 7 13
0 18 2 -19 -17 -11 -19 13 19 20 9 19 -15 18 -11 18 6 -9 7 -11 -6 13 -14 8 15 14 -20 -16 -1 -9 -6 10 17 2 14 1 -9 13 -1 -6 -12
3 4 20 0 10 12 -2 -6 -2 -12 15 -8 12 -4 8 3 -7 2 -5 -3 -13 -8 2 -8 -5 16 -13 3 -14 8 4 6 16 15 9 -15 12 -20 -1 15 -18
-16 -18 10 -10 -13 3 12 -9 19 9 5 -9 -14 13 17 8 -16 15 0 -2 -20 15 -14 7 15 4 -18 -8 15 16 -9 11 -12 0 17 5 4 -1 -5 20 -13
-15 -4 -3 10 -11 17 12 -7 -1 9 -5 -10 -6 8 9 3 2 -11 4 7 0 -15 -12 17 8 -15 20 -18 15 -17 1 2 -4 18 5 -12 11 15 9 -19 -19
-6 -4 14 0 -19 -10 -16 11 20 20 -15 2 20 -18 12 -10 3 17 6 16 14 2 -10 -7 -19 9 6 10 -11 -10 5 -13 0 -19 19 12 3 7 -9 13 2
8 19 17 -18 13 8 8 -2 -14 -13 4 9 -2 -5 -1 -6 -6 6 4 -2 19 12 -8 -2 20 7 -7 10 -8 14 2 -19 2 -19 -16 5 20 6 -16 5 7
16 20 17 8 -19 -9 16 -17 19 -9 17 9 10 19 0 -5 -13 1 -3 1 -3 5 20 -20 12 2 5 9 12 14 0 11 -2 6 3 16 -11 -3 -7 -10 17
11 19 18 -16 18 3 12 -14 -14 -2 9 -6 18 -13 8 17 -1 -8 0 3 15 10 6 7 -8 20 -13 -7 7 10 15 18 -13 -16 -9 -2 -4 20 -7 4 -7
16 0 -13 7 -9 2 4 16 13 2 -6 13 -12 12 12 -10 2 7 13 16 20 -9 -3 20 -3 0 -12 -7 19 5 -13 6 0 -5 -2 -7 -14 -1 6 -2 1
-1 -9 4 2 15 7 15 6 -1 -14 14 -13 10 18 -11 12 12 5 13 -6 12 -19 -5 -8 17 -12 9 20 6 9 -11 13 -14 -7 0 13 13 -8 5 -2 10
-6 -10 19 15 -7 18 3 -4 15 -15 1 -14 -5 10 14 13 -7 20 -16 -2 2 -8 -6 -19 -14 13 -11 -13 14 -17 -14 -8 10 11 3 -4 15 -16 -13 6 -14
8 -16 13 -17 10 -10 10 -13 18 -11 -19 15 -15 17 20 1 -4 5 12 -6 -11 -10 -16 -13 -6 13 -18 8 0 -2 20 1 11 18 -15 19 -17 0 12 -1 -15
5 8 14 17 1 5 -6 -8 18 -20 -11 2 13 -14 -5 9 -3 -20 -6 -9 8 7 -5 19 20 -20 18 13 9 -13 -10 0 0 6 18 -10 19 3 -20 2 -20
9 -2 -8 -4 -20 -8 20 2 2 17 -7 -5 8 -18 -20 -16 8 20 12 19 9 16 0 0 -18 -8 0 6 2 5 -11 9 -12 -9 -11 6 8 16 -17 -8 -17
-2 -8 -6 -4 3 13 6 -7 -7 -15 6 -1 -3 13 -19 18 -15 -5 1 1 12 -10 -10 -1 15 -7 0 -6 20 16 -3 17 -6 -16 7 -16 -2 20 -2 -1 -18
4 -12 7 -16 20 -1 13 -14 -6 17 -7 -5 11 20 7 -14 -11 -13 -11 -9 2 14 20 -8 -20 1 14 -15 16 -11 -20 20 -2 0 4 -8 8 18 -13 -20 -16
-11 -4 -7 -19 -16 18 3 1 -10 -15 -4 5 14 20 20 -15 10 -18 7 -12 14 -9 17 -10 6 -19 -18 -18 1 7 -13 -8 9 -13 -1 -5 8 2 7 -9 1
-12 20 17 -2 1 -1 -16 9 6 -13 2 -3 -17 12 -4 -7 20 -13 18 9 -10 18 19 -11 15 -18 17 -6 -4 -9 0 -6 -4 -6 17 13 -6 -17 -9 8 -9
18 15 -9 -7 17 -3 12 -6 12 -10 0 -1 11 19 -9 12 7 -2 -15 7 3 20 -7 -19 -18 7 19 -4 4 -14 7 15 16 9 -9 8 0 -16 5 3 19
2 11 -15 -20 0 5 13 19 3 -6 10 -15 5 10 19 -1 14 -8 17 -2 16 -2 6 10 -3 -15 2 -14 11 20 -12 -3 18 -14 19 -6 -19 19 -19 8 -8
-12 -6 19 11 -4 -18 17 -6 -3 2 18 -5 -8 9 15 -3 -3 20 -1 3 -4 15 2 6 -7 19 4 16 14 -5 -14 -19 14 12 14 15 7 0 4 -5 -16
-5 -17 19 14 -15 17 -2 13 14 -20 -20 18 -8 -14 -2 -8 20 1 -1 5 -19 -9 0 -4 -18 3 6 9 15 -5 -1 -1 -15 -10 -9 9 -2 -3 13 -5 -5
20 13 18 -4 13 16 17 -6 -12 5 16 13 2 11 -1 -20 1 4 5 -2 -4 16 3 18 5 16 -5 1 -15 -13 5 -1 -17 2 -3 20 -4 -14 5 -16 12
19 -20 14 7 15 20 -4 11 6 -1 -3 18 -19 9 11 -4 -6 -11 3 18 -4 14 18 -3 -4 1 -18 8 -8 -2 -20 19 8 9 -16 13 -19 12 -5 -7 121 -2 -18 -2 -5 -3 -15 8 11 7 5 -2 -16 -15 -17 -13 -5 2 -4 20 10 5 2 -20 9 -18 16 19 0 -12 -9 -13 1 -11 -3 1 -9 -12 -5 1 19
-15 16 15 5 15 -8 -2 -10 20 3 -15 -11 -8 -1 -14 17 11 11 -12 13 -12 -11 -1 -16 11 -7 -17 -19 -6 16 -14 17 -20 14 -5 3 -17 13 -15 12 3
4 -15 -16 -13 16 -15 -7 -20 7 7 12 0 -7 2 -11 -19 19 -17 9 -16 -10 -9 0 -20 -20 -6 -16 -4 -17 -5 -20 13 -9 4 18 3 3 -2 14 17 -19
-13 -4 -3 -16 -1 -12 -16 -2 19 10 19 -13 -5 12 -17 4 14 9 -3 8 1 -4 -18 -15 -1 19 9 -5 15 -5 -12 10 7 -13 19 -4 6 -4 -15 -18 1
-2 -14 16 -8 7 11 -7 6 4 -11 11 5 -10 13 -1 9 -10 5 10 0 -1 -12 -11 14 12 -17 19 14 2 19 7 3 -11 -1 -14 -9 -11 -13 4 17 -12
-7 -7 16 -17 -13 11 1 -12 -14 20 1 10 9 -14 19 3 18 -17 -8 -3 -4 -12 -18 16 17 -13 5 -5 -3 13 6 5 -9 -9 17 16 0 14 -14 -17 1
-9 -5 18 -2 -19 19 17 0 -6 2 13 -19 -2 10 -11 -15 17 2 8 7 -10 -10 -19 -3 17 17 -8 -16 -2 -5 -15 -11 5 17 -11 4 0 -12 -16 -19 5
7 -3 -11 7 2 4 7 -19 16 13 -14 -12 -2 0 18 -3 -10 -16 -14 -9 -19 15 -4 -4 17 -16 11 -19 -13 17 -9 5 -7 -7 -9 -7 10 -4 8 5 -15
12 3 -7 -16 1 14 -2 -3 17 11 9 -2 -9 -11 -14 -18 12 -12 11 20 6 -15 -8 -20 17 -15 19 -9 -9 -3 -7 -9 -19 5 -4 18 -18 -3 13 -3 2
6 -6 -16 -11 -4 19 -13 11 0 -8 -17 3 -16 16 5 -16 -8 -5 12 -15 7 11 -20 10 16 -10 5 -6 -3 -15 17 -2 -12 11 -15 3 -11 19 -12 16 1
16 -11 13 20 4 20 -12 1 -6 14 -20 20 -14 -15 7 -18 11 -12 11 -1 4 19 -7 9 7 5 2 -4 -2 -14 17 -5 1 -17 -16 20 -19 2 9 -9 -18
-2 -17 -10 0 -2 -6 -4 -2 8 13 16 11 0 4 3 -18 -11 20 -1 7 7 20 -2 8 -5 -5 11 11 -1 8 -9 15 4 2 -16 5 -2 -7 1 -17 -13
18 -19 -11 7 2 18 5 -11 11 20 -12 12 13 -14 -11 -1 -15 17 -1 5 -11 -6 10 7 1 2 -11 9 5 -14 17 20 -14 16 -19 19 -8 -4 -10 -16 0
1 20 10 -14 16 12 20 -5 11 -15 2 -1 18 12 16 -16 5 -5 13 12 7 -10 -1 -3 -16 5 13 -15 2 -5 11 5 3 16 -13 -17 -16 3 -4 10 -20
-20 18 19 -1 -5 1 -19 -5 18 -6 13 16 0 11 -10 5 -19 -17 -6 15 12 13 -20 -3 -8 18 8 -7 -11 11 15 12 0 1 -9 -20 -5 -17 12 15 -19
19 -17 -9 14 8 -3 20 -17 -3 14 -12 18 4 -14 -16 -8 7 -11 -8 -17 14 -17 -9 13 5 -10 -7 4 0 -10 -9 8 -5 -13 17 18 8 20 12 0 -17
-15 8 13 10 -13 -9 18 7 12 -14 4 19 -10 -18 12 16 0 2 -15 -7 -2 -9 13 18 -9 14 1 -6 19 16 -17 -15 8 10 19 -15 6 -19 -7 19 13
-1 -9 10 -10 -15 -7 -1 -18 -6 20 11 17 -3 -15 -7 17 13 -7 -19 0 -18 -15 -14 -12 18 17 15 -3 14 -5 -9 12 -10 -19 -9 -8 -19 2 -3 -6 -15
-8 -6 9 -18 -2 -4 -2 -11 11 6 -10 -13 19 3 -13 18 18 9 -10 20 -12 5 13 10 13 16 -3 13 19 9 -11 -8 -7 3 -14 -10 6 -14 17 10 -5
-6 14 -13 8 7 -1 7 -14 -19 14 4 11 0 3 11 13 -19 19 -6 -1 12 -2 -11 -6 13 -16 -16 -17 4 4 17 12 6 -4 9 3 11 15 10 19 10
-2 2 -16 4 -13 10 3 11 11 6 -7 -20 11 -16 4 -19 12 3 6 -12 1 -1 -18 -3 9 -1 -5 -19 4 16 -8 13 -14 -9 -11 -12 -18 -20 -1 -7 -8
-4 15 16 3 10 4 15 -2 16 -1 17 -20 16 1 0 -7 -6 -5 -18 4 20 -14 8 4 3 17 -4 -3 7 -11 8 18 2 -16 -15 -20 17 -15 -4 -5 -13
-7 18 -11 -9 -18 18 10 -10 5 12 1 -17 20 -10 -20 -8 -15 4 -7 -2 -15 -6 -6 -1 -2 -5 6 20 -10 0 18 14 -14 -17 -20 -3 2 -15 17 5 -17
-4 -15 -7 -10 8 -2 -9 -20 15 18 13 -4 11 7 -18 20 19 -11 -18 -15 1 14 10 5 3 -6 4 -1 19 16 19 -12 -13 -16 -2 20 14 -17 -11 10 -13
-4 -3 12 -7 18 0 -19 1 19 20 -17 -6 3 -4 -13 -19 8 18 15 -17 8 7 6 3 -7 -3 20 6 11 6 17 0 -1 -1 2 0 -16 -6 10 13 16
-9 -13 0 -20 16 -14 -20 6 15 18 -20 5 17 14 7 -2 -2 5 -6 7 13 -16 7 16 -12 14 -3 4 13 9 3 15 -17 -15 18 -8 -11 -14 -15 -13 -4
8 -20 3 -2 -20 0 10 20 -3 -6 -8 0 19 20 -15 -14 19 9 -15 -1 -11 17 -20 10 9 17 9 20 6 -20 12 17 17 16 9 -16 -8 8 -13 -5 8
0 9 -13 9 -7 -7 8 17 15 -19 -3 17 -10 -11 2 -9 -3 20 10 -5 -16 -7 15 -5 -12 -2 20 -7 13 -15 -3 13 13 -18 8 13 -6 13 -3 12 15
11 12 15 17 13 -13 -19 9 -3 19 4 -5 -13 -13 -11 5 -13 -5 -19 5 8 17 2 2 -4 13 8 -11 4 -1 11 2 16 17 -2 9 -4 5 -19 -4 -14
17 8 -20 14 7 0 14 9 -16 10 -5 -10 7 0 4 17 -14 6 -18 11 9 19 19 1 -10 -7 -9 -14 19 19 -8 -14 14 7 -1 -5 -19 -6 17 0 -5
-16 10 -9 -19 11 -11 -18 -1 -14 -20 -5 4 18 -7 20 10 3 6 14 -16 -5 1 -5 -17 9 10 17 -15 18 -18 11 -5 3 -7 7 10 14 -2 2 6 4
9 -18 20 -9 17 -13 12 17 -2 -12 -16 2 11 1 -10 -6 -1 17 -7 9 -9 -12 -4 -7 11 17 3 15 16 4 4 -9 -19 13 2 -13 -3 -20 0 6 -20
-8 8 -13 0 -3 9 13 4 -5 14 -9 -17 -6 -6 -2 -15 5 7 -11 -7 -4 15 0 -18 1 -16 17 -6 14 7 -12 -15 -10 14 -9 -1 -9 -6 -12 -6 -6
-10 13 2 2 -4 -12 -3 19 10 -15 0 -10 14 -18 -20 -18 7 17 -16 9 6 0 8 -6 -19 12 -15 -17 17 -2 -4 -10 -13 -19 -7 14 18 -10 11 -10 17
-12 -2 4 -10 17 2 14 4 12 3 12 -3 -5 9 3 -4 -7 18 14 -11 12 -20 14 19 16 -1 8 3 13 -16 -8 12 8 1 3 -1 0 0 -3 3 -18
-5 18 -10 3 -18 8 -20 -13 20 -20 -15 -14 -13 -17 -6 -14 14 14 6 -13 3 -12 1 -16 -13 12 17 -14 12 1 12 3 18 9 -16 -14 -9 5 1 -2 4
4 16 19 -8 -14 16 -12 -11 17 -14 -15 -20 7 17 1 19 -16 -14 -8 12 -9 3 4 8 16 -1 14 -19 14 7 -14 -10 1 -15 19 16 -18 -11 19 2 12