20 11 -8 -20 -13 -9 0 -11 -13 -12 11 -12 -9 6 -9 -14 2 -9 12 13 15 -20 11 0 19 6 -6 6 9 10 13 14 -5 7 -13 -5 17 -16 -4 19 -12
7 13 -19 -18 3 -14 2 1 1 -5 -14 -20 4 8 2 17 -12 -17 0 -15 -7 -13 -13 -13 10 18 20 -3 -16 -16 -10 3 17 -6 -8 16 -19 4 -20 -19 4
-9 10 6 -14 -11 15 -15 13 16 -14 5 8 -19 -20 -20 9 2 18 13 8 20 -16 -13 14 -6 0 19 -4 8 -14 -1 -6 -18 9 -8 -14 -16 -2 -2 11 -16
-8 19 7 19 -9 -13 -17 -4 10 -12 -11 -10 20 16 9 -10 2 8 12 1 -9 -18 19 19 9 -8 -12 -16 -13 7 7 13 6 19 16 -10 10 12 -15 -13 -7
11 0 -20 -10 -6 -4 1 20 2 5 -14 -13 13 12 -6 -14 16 -19 8 6 15 -9 -3 -16 1 -17 2 -3 5 3 15 0 -4 -3 6 -4 -15 9 17 20 9
3 -20 10 -4 16 -2 6 7 -13 -13 19 -13 1 -7 7 12 -1 -17 17 -14 14 11 -2 12 1 -6 15 20 -14 -20 -15 -19 -8 -9 -16 -7 14 -6 2 7 9
-16 2 -15 17 20 9 -15 20 20 -6 -12 -1 -4 -7 -13 -15 7 -18 9 14 -11 -16 -3 7 0 5 -15 -19 14 13 -5 -6 19 -1 5 11 -20 -16 -5 -14 7
20 0 -20 -3 17 -5 18 -11 2 -1 11 -7 -9 20 -5 -5 -2 3 2 9 9 -12 -18 11 -7 9 20 15 4 12 9 16 -2 -13 -11 7 7 13 10 20 -5
-5 -11 19 16 -12 10 15 7 4 8 13 -20 -19 -2 -18 -16 0 2 -12 -3 -1 10 -8 15 -15 9 10 -7 3 18 10 -5 5 -1 -19 -15 -18 7 -8 4 1
-8 -1 5 -18 -15 13 -9 -12 14 5 14 1 10 -15 18 7 18 15 17 17 -5 -14 16 14 -7 7 3 16 -20 17 4 20 0 8 -2 13 7 -13 -20 -20 10
14 12 -1 -8 14 -18 17 -11 7 18 20 13 8 2 -16 -16 -18 8 -1 15 -5 15 -9 16 -17 -12 12 -8 1 2 12 -17 -15 19 6 -11 7 -8 -1 11 13
-20 11 3 -7 -16 -20 -13 -4 -5 6 2 -2 -17 14 -19 19 11 -20 -6 -20 12 -18 12 11 -18 -1 -3 17 -16 -10 8 -13 17 8 -18 18 1 15 20 5 18
8 -17 5 -2 -6 -5 -4 1 8 -2 10 -15 -12 -6 3 4 18 -7 -9 -3 1 -15 -2 5 10 0 -20 -10 -19 15 19 7 12 2 11 9 5 18 -17 17 -13
9 17 10 4 -11 -3 -15 14 -3 20 20 20 0 -16 -1 -17 -2 5 -20 16 15 -11 8 18 19 0 -14 20 -16 -9 1 0 15 11 6 -5 19 -13 -11 -20 2
-13 -15 -14 -18 3 9 -18 -15 -15 11 -4 9 -20 0 -14 -17 7 -9 18 18 -18 15 16 9 17 13 -16 16 -9 10 5 -16 -5 -13 -16 10 16 7 15 0 -7
-16 8 11 -2 -17 -1 18 14 9 9 -10 -9 12 12 15 -17 -14 6 18 -19 -20 8 -11 12 6 1 14 -5 4 5 -17 -7 8 0 -11 -12 7 -10 -9 -10 20
-12 -7 19 -10 -9 -19 4 -9 1 -2 17 7 -2 -8 -8 10 -20 -2 -10 -9 -18 -9 -8 -3 8 19 -1 -7 -13 -12 16 -8 6 -9 15 -9 -9 -14 0 -6 20
17 5 -20 3 -12 13 -17 -14 20 -8 16 -19 -14 17 2 -13 9 4 13 5 -4 19 -13 1 5 6 16 -3 4 -19 4 8 -10 6 -18 1 -7 6 -8 -14 11
-1 11 6 20 -10 -6 8 15 7 5 -15 17 -13 -19 -7 7 -8 -1 -19 6 20 -9 7 14 2 -5 19 -18 2 -11 5 3 -19 -14 9 -10 17 -16 -2 -1 -18
-20 -11 14 -20 7 19 2 8 -1 -20 -3 -2 14 -4 -2 7 -12 -2 17 20 -4 15 -8 19 4 -14 15 -2 -10 18 12 0 -17 -2 -15 -1 -15 16 -7 13 1
14 18 1 3 12 -10 -16 -11 19 -7 -16 1 -17 16 -8 -1 3 3 11 -3 1 -20 -5 19 -18 6 -17 -16 12 3 -15 -10 -3 -18 -19 13 -19 11 -13 -6 -17
2 -4 -9 -7 16 -3 14 -10 -14 -18 -1 0 -14 4 -15 12 14 -2 17 -5 12 -19 -18 -8 -13 -9 12 -17 14 17 -12 16 -19 3 9 13 0 -18 18 0 -17
-6 15 -3 -19 -9 -7 7 -6 5 -12 -3 -19 -16 -10 -13 8 -18 5 -16 -17 9 -5 -11 10 -12 -1 -12 3 1 14 10 19 -7 8 19 10 11 -1 -14 16 17
-17 10 5 -16 -4 7 -16 4 16 -7 13 19 -12 -2 -14 10 4 19 -18 1 -15 10 14 13 -6 3 -11 1 19 1 6 -18 -20 -8 -1 -9 -5 -10 -17 5 19
17 -20 8 -10 13 2 11 20 -13 11 15 10 3 -2 10 0 11 -20 9 9 -4 15 0 19 -13 20 -10 -8 -20 -9 7 1 -17 -8 17 20 4 -1 10 4 -13
11 18 18 7 -14 -8 -11 -15 -1 -10 11 16 -8 20 -16 7 3 -5 19 0 -11 -1 7 -20 -14 -5 -8 -7 2 4 19 -4 18 6 -13 10 -4 4 4 -20 16
11 11 4 0 -8 14 -4 20 15 4 -2 7 14 -16 2 4 -11 2 -13 -19 -19 7 13 0 2 -14 -9 11 -4 6 1 15 -13 20 -9 -8 5 10 -3 -12 6
-3 -9 -16 -19 -7 -7 10 7 20 -13 7 6 6 19 -16 -9 5 -9 14 7 -11 -17 0 -1 13 -7 5 13 -8 6 -7 16 6 9 16 8 5 11 13 13 19
-9 -13 5 -15 -13 -7 -16 -18 7 -1 16 -15 -13 -5 -14 -14 -16 0 -11 12 14 -17 4 -17 14 2 -16 -12 13 -5 7 -19 -2 0 17 -16 0 11 16 20 -6
1 -7 -5 7 -1 -5 -11 3 7 -4 13 -9 7 7 0 -15 -19 -11 13 10 -19 14 -14 19 -20 -4 18 6 11 17 -1 10 2 12 6 10 -4 2 19 12 7
6 -13 7 -11 20 -13 20 -2 7 19 -10 5 -16 -17 -2 -17 12 2 3 -11 -8 -8 -6 20 -17 -14 9 -3 16 -8 -17 -13 2 -11 -11 3 1 -5 -10 -10 9
-2 -8 -10 19 -15 -4 14 18 13 12 -6 -19 -14 -6 -16 7 -1 -11 8 9 17 0 -4 -6 -4 -9 1 -8 -2 9 8 -3 19 1 18 7 15 5 -10 20 -16
16 16 6 -13 -4 12 -12 13 7 8 2 1 -11 -1 14 8 13 10 8 -1 -10 -11 -18 17 -9 18 -10 -6 9 -16 -15 -10 15 12 11 18 -1 15 -17 10 0
-7 4 -11 19 -2 -7 -5 14 3 0 13 7 15 2 -15 -2 -18 -12 2 -6 -10 -16 19 19 -13 -3 -16 -11 20 -7 -7 -18 -18 -11 10 3 14 -13 12 -3 -17
18 -19 -18 -7 2 11 1 -2 -10 12 -19 -8 -9 -15 -19 7 -6 -17 -5 0 -19 17 -14 -6 -15 11 -17 -13 -10 14 -13 8 -18 -7 10 11 16 -14 3 -20 6
14 -2 13 -19 19 -2 -9 0 -10 -3 0 10 -3 -14 -1 18 19 -18 16 3 13 -6 -16 -15 10 20 7 1 -8 1 2 -7 0 13 10 -9 7 7 6 20 16
11 -7 4 13 -2 -19 14 3 -19 11 7 14 -9 -4 -10 -3 15 -19 6 -11 3 5 2 8 7 -14 14 13 7 -7 -15 20 -11 -6 -6 11 10 3 -7 -10 -15-10 4 -20 4 -19 5 -2 19 19 16 -13 -12 19 17 -12 -11 20 17 0 -13 17 0 10 -11 -8 -1 -14 2 -1 5 13 -17 10 13 -11 9 6 19 -3 13 -19
1 -5 7 5 1 1 -15 -19 -5 6 4 10 -1 -8 20 5 0 -11 -5 19 1 -19 1 -13 7 -18 19 -7 0 -19 11 20 -19 5 9 11 -8 -3 15 9 -6
19 -14 20 14 -3 -5 6 17 -11 5 16 -8 7 -15 19 5 -1 16 -18 9 17 0 -17 0 -3 4 3 18 11 11 16 -5 -7 5 8 -5 11 18 -12 17 -9
6 -16 0 -9 20 0 -18 -13 16 -16 -12 3 10 5 -13 19 -3 -20 -5 13 19 0 2 -17 15 10 11 -10 20 0 11 3 17 8 -5 10 -8 13 3 0 1
-15 17 20 2 6 -20 -13 -9 -9 -2 11 2 -4 8 5 -14 4 -18 13 14 12 3 17 -1 -6 19 -18 -16 -19 -17 -14 -13 -14 11 -18 -14 2 -19 12 -6 17
-15 5 5 2 5 -10 16 19 0 -6 -3 -7 1 0 15 -5 18 -7 -16 18 5 -18 11 -3 -11 -4 -8 4 -10 -2 18 9 0 -17 4 -12 7 -9 -12 13 -6
-6 12 2 13 19 -3 -7 -17 9 -9 -20 11 8 -18 -20 -14 9 -19 -4 -4 11 17 2 -6 -7 7 9 3 -2 -9 0 -11 5 7 8 0 -17 -7 -17 8 -3
6 -15 4 -13 -13 -13 13 14 20 -5 9 13 16 9 -20 10 -3 7 15 -2 -9 -9 -14 -16 -12 -17 3 -14 17 10 -3 7 18 -3 2 11 9 14 -7 -12 -15
-19 16 10 -15 15 6 -2 -2 3 -19 15 -9 19 -14 -10 20 -4 6 16 5 -15 2 18 -8 8 -13 20 4 17 -4 4 -4 -2 -9 19 -5 -2 0 9 6 11
18 -11 16 -18 -11 8 -7 1 -18 17 13 18 13 0 8 -4 -18 5 -12 -7 8 6 20 -15 -5 3 3 16 -15 -13 19 -10 -12 12 -10 2 -12 6 -6 -2 -14
20 5 -2 8 -15 -2 -9 9 14 -10 -8 -2 -13 11 -5 -4 -3 -11 9 -7 15 16 -10 -12 -2 7 13 4 20 -12 -16 2 12 -17 16 17 -17 -18 2 4 8
5 4 -18 -18 -13 11 2 8 18 19 5 -7 -2 9 4 -15 -1 -19 20 -19 13 14 18 17 -17 0 17 -14 15 12 -18 16 20 11 15 -8 19 18 -20 4 -8
-16 -11 -11 -9 -7 -7 20 -14 3 0 10 -2 -16 -5 12 -12 1 0 15 -9 8 9 14 10 -8 -3 -19 4 -15 7 -16 17 -2 -17 -4 -18 14 13 -12 -15 19
-18 14 -11 -3 -15 9 4 16 10 -9 -9 5 12 -9 -1 -17 -13 -13 -4 -19 11 1 7 -4 -3 14 -1 2 -2 -7 -1 -12 16 17 15 0 9 -16 -20 11 -9
4 8 19 -19 0 -8 11 -14 11 1 -2 -18 3 -17 -16 1 -1 -17 18 0 -11 -14 -17 -8 -18 -12 20 -4 1 7 -5 -15 19 5 8 19 17 15 1 20 -16
-3 -5 6 -10 8 16 4 14 4 3 -8 12 14 12 8 -5 11 -2 -11 11 8 4 11 2 10 -19 13 12 1 -4 -11 6 -19 -11 1 -19 20 17 1 -9 10
9 -4 6 -16 -7 15 8 -15 0 -18 14 6 11 1 -15 10 -7 -3 -11 17 -5 -7 12 -8 12 -5 -12 14 14 19 -9 17 -17 5 17 -18 5 14 -12 -5 -12
-11 1 20 6 -6 20 13 -4 -10 12 7 -10 7 -1 17 -2 -16 8 0 18 -9 8 -3 -3 -6 -8 -10 1 2 -13 -8 -20 -2 -15 15 -11 -11 -15 -14 7 6
19 -18 13 2 18 -17 20 18 -19 0 4 -15 -19 9 -10 -3 -10 18 -16 7 2 12 16 12 10 6 -3 4 8 -10 12 -19 -17 10 12 0 4 -10 -4 -18 6
-15 3 9 1 -6 -13 1 -6 7 10 13 -17 19 12 -5 -2 -12 7 -19 11 -3 1 -10 8 -7 -7 6 -5 -2 -9 16 10 16 -7 -8 7 17 -11 -7 -14 -11
-8 -15 16 -12 19 -20 14 15 -5 -10 -9 -10 1 -14 6 12 2 5 13 -8 12 -19 -12 -14 -13 13 2 20 -13 -14 -16 -5 -17 9 16 -5 4 11 -20 -16 11
19 -8 11 7 6 7 19 -11 10 -4 3 -17 3 -19 -13 -10 13 4 -18 -20 18 -14 -13 16 -4 4 3 -13 -7 -13 -5 18 -19 -14 20 0 -8 2 6 -20 16
-18 -6 -4 -5 17 19 -14 2 4 -2 -12 10 -11 -20 12 2 18 -17 17 -12 -17 16 -4 -10 -14 -15 13 13 14 19 -3 20 -18 6 -13 -19 17 20 -11 -8 3
19 -14 15 13 19 18 -4 14 10 4 -5 14 -6 13 13 -5 -2 -7 2 -13 -5 8 -11 -20 8 8 -3 -10 -15 -19 -12 -10 20 -18 14 -19 -13 15 10 -18 20
9 10 -4 -17 17 -17 -10 -14 2 -19 7 7 -5 -14 7 -11 -4 19 -14 -4 -1 6 14 5 -12 14 -7 2 -10 -5 -11 18 -6 -7 -8 15 -16 9 16 11 -7
20 -9 2 0 11 4 -9 12 -6 5 6 -12 -13 -3 -16 -3 -13 8 12 -19 -19 -2 6 5 20 8 -14 13 8 11 -17 6 -17 -17 2 -10 -4 -5 -7 3 0
4 -17 -5 -19 16 -16 -18 -14 9 -13 -18 -12 -7 7 -9 6 11 7 -15 -17 -6 -7 -3 11 13 12 -1 9 11 2 -1 17 17 16 -14 19 8 -6 2 -7 14
10 19 -4 -18 15 15 -6 15 -12 5 18 -5 -9 1 19 -8 -9 -11 16 -10 -5 -16 -12 -3 17 -15 -5 9 -5 -14 13 -14 -7 11 2 -9 2 -11 -19 -14 -13
-15 -10 20 -8 13 -10 -15 -20 -19 2 -6 -3 5 7 9 17 16 12 9 -20 9 -14 15 16 1 -14 15 -8 5 -17 -4 -19 -8 -9 10 -18 -20 15 -4 13 -15
-5 -15 16 -9 1 1 20 -8 -18 -2 -6 4 7 13 5 -2 7 -10 -1 -19 12 11 3 -4 -12 18 -5 -1 8 -17 -7 -17 20 -18 14 -8 -16 8 12 -19 -1
18 -6 13 -15 -3 -17 11 -19 -19 17 -1 -16 -12 -4 -17 -20 -12 -19 17 14 -4 -8 -5 -3 0 -17 15 -1 -5 -10 12 1 14 -16 8 7 5 -18 -4 7 14
-13 13 9 15 -11 -19 2 -9 20 2 5 2 3 2 9 17 -13 14 -5 -14 -14 -2 0 -19 -10 -13 -3 -6 -4 -1 6 -15 -5 14 19 -20 -2 20 -9 -1 -5
-14 18 12 -11 -14 -5 9 -14 11 -5 13 18 -13 -4 12 -13 -13 -14 11 -10 -11 1 14 16 0 -15 18 -8 10 -7 -11 0 -16 -2 11 15 19 20 13 -12 -15
19 2 1 8 -5 -2 6 2 17 10 15 -20 6 -19 -10 2 1 -15 3 -16 15 -16 13 6 0 0 -7 13 -17 3 -17 -20 -9 16 -17 -10 14 -8 5 4 8
5 20 15 17 8 19 16 15 -16 2 14 -9 11 -5 14 -19 -4 13 11 -16 3 -17 -15 -16 5 4 4 -14 -4 -20 14 19 7 -2 -5 9 -3 -7 -16 19 10
14 -7 4 9 -7 4 15 -6 17 13 -15 -19 -1 -8 -14 1 6 -6 3 0 -14 17 8 -13 16 6 2 17 14 -3 17 -10 1 -19 -10 -13 9 18 -18 -10 -9
9 1 -6 6 6 -19 -15 0 6 17 16 8 0 -2 -4 19 18 11 17 -19 17 -5 -18 12 13 18 -12 -9 -16 18 -11 10 15 15 12 16 0 9 -3 -10 -1