14 -16 -11 7 4 -9 -19 16 -8 10 -15 -7 12 20 15 -20 -10 -15 -4 19 -5 19 6 5 1 6 9 9 9 -1 12 12 -11 10 -13 -6 -20 10 0 -9 5
-14 -3 20 15 0 0 11 3 -6 -12 12 20 10 13 19 -15 14 11 -19 4 -4 6 -2 -6 -7 -14 18 6 5 13 -4 -4 -17 -7 -19 -1 -19 -1 -18 -8 9
7 -10 -12 -8 1 -13 -14 2 4 2 4 12 15 -15 -7 15 9 20 16 20 -6 -5 -6 -16 18 2 9 0 16 -19 -18 -16 8 -2 14 5 -8 -8 -13 2 -19
15 -15 -3 -17 -9 6 -11 18 -17 -20 17 14 -16 0 -7 12 15 -14 5 11 -2 8 5 15 -4 -14 -7 16 7 9 -18 14 7 10 -9 -17 -19 -15 -15 -18 -7
15 -14 0 9 16 -6 -15 14 -4 -8 -15 -9 -1 11 -5 2 -8 18 -12 -3 20 -12 15 -4 8 18 -17 7 -20 -3 -12 10 6 16 2 -18 6 -16 -5 6 8
12 20 3 5 -5 12 -10 -17 -6 5 -11 17 3 -4 -19 -16 -5 9 -3 8 -13 16 19 16 -12 -19 -17 7 14 9 7 0 5 -20 18 20 -8 -7 9 20 -11
-20 -8 4 20 -9 12 -19 11 11 -3 20 16 1 -2 17 -8 -15 5 -16 10 12 0 6 18 -9 -16 -8 4 -11 -9 11 -4 -6 -17 -2 6 19 11 -10 -12 -4
9 -3 10 -20 6 13 3 13 17 -12 5 1 1 -5 20 -11 9 16 6 16 -12 -8 -20 -6 -14 -6 7 -11 6 -14 13 -1 2 13 17 13 10 -20 -14 -11 11
19 -17 -1 -8 -14 7 -10 1 7 -15 -8 6 11 17 7 -4 4 -3 -9 -5 17 -5 -3 -8 -12 -3 -1 -8 -18 2 -14 -11 -12 -15 4 -20 15 13 -19 5 1
-1 3 16 -12 -7 18 -16 11 -6 -13 -4 13 -8 1 -19 -17 7 1 -15 -9 -1 11 -19 10 -17 -15 1 -5 -12 1 1 14 -14 -1 14 -14 -17 -13 5 7 -15
-18 5 18 -4 -14 6 -11 -16 -19 12 -11 -4 10 2 10 -4 20 10 -11 6 7 -13 -11 7 -13 -18 -4 -20 14 5 -7 7 15 -7 12 -17 -19 -2 3 -15 9
14 -14 -6 9 -8 -11 5 12 -18 -4 11 6 -14 -8 -5 -9 11 -10 -17 -17 -5 6 13 9 -12 14 -17 8 15 -2 19 -1 0 -19 -3 7 -8 -17 -11 12 12
10 -16 14 18 -6 0 -10 -4 15 -12 -16 8 9 -8 -19 8 16 -11 9 17 -16 -19 20 1 13 -5 -2 -4 4 -10 -9 -9 13 11 6 20 6 -13 7 -14 -18
0 2 6 -17 -10 8 -3 -15 -12 -8 -2 7 3 4 -10 17 8 -7 -8 -15 8 12 -6 -4 0 -16 -2 -10 -19 -6 -6 14 8 -7 9 9 18 9 -9 -5 18
9 -7 15 -6 -7 2 -2 -11 -15 -17 11 -16 1 -15 -10 7 15 -15 -13 -2 2 0 -1 -9 -17 10 8 -13 -3 -7 12 12 15 0 5 8 -18 -19 11 -15 -20
16 -3 -14 8 7 -6 14 -8 11 -15 -15 -20 11 15 -6 7 -18 8 9 3 19 13 4 -19 -9 -10 -2 -3 11 5 -11 19 -10 20 20 4 5 15 -19 20 -9
-13 17 -16 10 13 11 0 -4 -10 10 -4 19 -7 -7 9 -19 -19 -4 -5 17 -9 15 6 4 7 15 -5 -7 1 3 -13 -3 8 3 -11 -8 -17 -9 -20 1 -5
-4 16 8 -3 20 -14 12 19 -10 -7 19 -19 -1 -19 16 4 -19 3 -10 -12 -15 -1 13 11 -19 -6 20 -15 -20 -19 11 14 16 -1 4 -5 -1 -4 8 -11 15
12 16 0 -18 5 13 7 10 -4 -11 -5 -12 18 -13 6 -7 -14 -3 -5 -17 16 -1 1 -14 20 15 -13 -5 3 9 -12 7 -6 6 -6 1 -11 3 17 12 12
-14 -13 2 9 20 20 4 -1 -4 4 -4 -6 -9 -8 -19 9 -9 -4 -15 -4 6 -3 7 -13 -3 -12 -5 0 18 -6 -15 -6 0 6 9 7 5 11 -17 3 -19
0 -4 3 17 18 16 17 15 -2 4 4 -3 0 -1 -7 -14 -20 -4 5 6 -3 20 8 1 3 -3 -15 -8 -9 0 -5 3 -9 0 -11 13 -3 3 -10 -15 7
-10 -4 5 12 -4 20 -8 -15 12 -15 11 1 8 -7 -2 19 -11 20 12 -16 8 20 -11 16 20 17 2 4 8 -5 -6 6 -5 -11 12 11 19 18 3 2 8
7 -1 2 7 -13 11 -17 3 7 13 9 -13 8 14 3 10 2 -17 -14 3 -9 -3 6 16 -20 0 -11 -2 -14 -11 8 -13 -12 7 -4 20 20 -16 13 6 3
-14 7 -11 -20 8 -3 5 6 10 4 -3 10 -7 -19 -14 -12 3 -11 5 7 -9 13 -4 6 -6 -19 -16 5 -20 3 19 3 18 8 18 13 -1 -17 1 7 17
-8 3 -16 2 11 -17 14 -19 -19 11 7 16 5 -11 0 -8 16 -1 -18 15 12 -19 -9 15 1 1 -4 -12 -20 6 -4 20 -20 17 18 12 -18 -11 13 -3 8
19 12 -15 6 4 0 20 -5 -1 -15 16 15 -11 -2 20 0 -1 -12 12 -12 -20 2 -15 10 19 7 -5 -11 -15 20 4 2 20 13 9 -7 0 14 -20 -20 -8
1 -4 -6 -16 -17 0 8 18 -18 -4 1 -20 -20 6 7 -6 12 9 -6 -20 2 -6 10 -16 -12 -20 4 8 8 -20 12 -14 17 8 -1 15 18 20 4 12 -8
-16 7 14 9 -7 -5 6 5 -1 -13 12 9 -8 13 -5 -10 7 -7 -8 -5 -10 0 -8 -6 -14 -7 -16 7 -1 -8 4 -7 14 8 15 20 10 7 -1 3 15
16 9 8 -13 8 -17 10 -9 2 8 -9 5 5 -7 -3 -7 -1 16 -13 -7 15 -3 -12 11 -11 8 11 -9 1 -20 -4 2 -16 16 -5 -9 -9 9 -1 14 -12
-17 14 -6 0 19 13 4 8 -8 2 16 16 -17 -12 -11 -6 -15 16 13 6 -16 15 18 13 4 17 18 6 10 -16 -3 -13 -19 1 -15 4 11 -12 13 9 -4
-11 15 -9 -9 -6 -20 9 4 -3 -9 4 -19 0 11 -1 -2 -4 -5 2 10 -1 9 3 -11 15 5 -6 4 6 18 3 7 -4 8 -20 4 7 17 -16 -3 5
-18 -6 12 -6 -17 19 -15 -13 12 4 -7 18 14 -9 -16 -8 -20 -9 16 10 -8 13 -16 -14 -1 -15 -5 1 7 5 3 -18 9 -19 3 13 -9 -15 9 9 -18
-8 12 -16 -6 1 -18 15 9 -7 -6 -10 -2 16 8 -13 -8 17 20 5 20 16 -11 3 15 18 0 -8 -20 -15 13 -15 13 -14 3 -16 -1 -5 16 -6 -1 2
19 13 -16 -20 -16 0 16 10 -13 -4 -13 -14 8 -5 14 1 -2 1 8 -12 12 -2 12 0 5 -1 -19 -7 4 2 -13 8 19 -7 -3 11 4 -11 2 1 -3
-13 -5 1 -4 -8 -11 -17 -3 1 -4 -11 17 2 7 20 -4 1 0 7 -14 6 6 -19 -7 -17 -5 11 -15 14 -2 9 14 -8 -12 -4 -17 1 -11 -5 -1 -1
3 -15 13 12 6 -15 -14 0 -6 13 -4 -19 -7 15 -2 -16 3 7 17 -6 19 20 7 -9 -13 1 11 -18 -14 14 -18 14 -20 5 7 -8 20 6 -12 17 -20
-14 19 16 5 -3 -3 -18 10 17 -7 16 13 -20 -7 -1 1 -2 -6 -10 2 -4 6 12 14 13 0 20 -6 -5 20 -5 -4 -2 -9 18 2 0 -4 0 14 -4-11 6 -16 18 -3 -18 -4 -18 -19 -14 -4 19 10 19 -16 20 19 -4 13 4 -16 8 -4 -13 -16 -18 -16 -10 -1 -4 5 13 0 14 -8 -2 -8 4 -2 0 9
16 12 20 5 6 -2 9 3 -14 8 -18 5 -14 1 2 4 -18 19 18 13 -19 19 10 4 6 -16 -13 -2 -6 15 -13 -5 -7 -16 -9 19 9 -18 1 -9 -3
-14 4 -12 0 -19 14 -17 -12 2 17 4 -13 4 -13 -7 -17 5 1 -19 -2 20 0 9 -7 17 3 9 -18 14 2 -18 -20 -13 16 -12 15 13 17 -6 -14 8
-17 0 17 18 -7 14 5 19 5 -1 -1 20 -20 -6 -20 12 11 5 0 5 -18 18 -5 2 -14 -2 6 9 -17 -2 -15 -14 20 -19 10 7 -2 -20 17 -3 -7
-18 14 -13 11 11 -14 11 -14 17 8 -7 19 -14 -16 15 -15 3 4 -9 -5 -3 -5 -13 -8 15 19 20 9 6 -12 20 9 5 7 -3 9 17 -10 13 1 -2
-11 16 -15 4 -3 0 15 19 -2 -5 15 17 -5 15 16 16 9 -8 0 -18 -10 -7 15 -4 -15 -19 7 8 -7 -9 11 -20 -14 -11 17 0 -4 17 5 19 -13
3 20 19 -3 -9 8 14 -16 1 -18 13 -10 -8 -20 -15 9 19 0 -20 -8 -18 16 -8 11 -19 -8 11 8 10 -14 20 -18 4 -8 11 -14 -18 3 -8 -13 -20
-16 -5 -10 -18 10 -5 8 15 18 6 -11 5 -2 -11 -16 -16 0 -8 20 -9 0 -1 -10 13 -8 3 -18 15 -3 18 -10 -6 -16 -6 15 20 -8 -4 6 -9 19
11 0 17 -5 20 18 12 -15 -7 -6 -12 6 18 -4 -17 20 5 -19 1 -8 5 13 9 18 12 17 -11 8 -9 3 -7 -3 9 -12 9 16 -11 11 -16 -7 -15
1 10 -11 -10 20 -7 -9 -2 17 18 18 -17 0 -7 1 9 1 16 17 -3 2 17 -6 -7 9 18 2 11 -5 -1 14 0 20 -18 10 4 7 1 -13 -4 16
-14 11 -13 -5 -2 -6 -4 -7 -15 18 10 11 -10 19 -16 -7 10 9 17 -2 0 1 13 -8 -20 -10 -7 2 -11 -1 15 16 -8 -11 -11 9 5 10 18 -2 -1
14 -11 15 0 13 -8 -8 7 -8 7 -8 -3 11 -7 12 11 -20 -10 3 -12 -14 -6 8 -15 12 9 -20 11 -15 -20 8 18 15 -15 5 -7 12 -3 -6 5 17
-9 10 16 6 -6 18 20 10 18 -4 0 5 14 -16 2 10 14 -5 -18 3 3 -5 -2 -5 -17 1 -20 6 -19 6 19 16 -5 9 6 14 -14 4 11 12 -18
-20 -5 1 -13 -8 -12 -18 -2 -1 4 6 20 -2 -3 7 13 -10 5 9 -12 7 -6 -12 2 -19 5 -19 6 -13 4 -6 -20 -1 -6 5 6 -3 -5 2 8 18
-4 2 2 -16 -11 -17 -11 -4 -2 -7 -10 -8 -19 16 -17 -8 9 -19 -6 -14 -18 10 1 -5 -4 3 -9 1 -17 -15 5 -20 -11 8 -9 -17 11 14 10 1 -1
7 -11 10 -13 5 -8 6 -1 -6 -7 -20 -7 -9 -1 9 1 2 16 -13 8 -7 -4 18 -11 -19 -12 8 -18 11 -13 -20 5 -17 7 4 -5 -10 -8 15 -16 -18
15 2 -10 4 -19 2 -10 15 0 17 -3 1 10 4 -20 -14 7 9 13 3 7 14 5 -18 6 -11 -11 -5 -12 18 0 -2 16 5 -5 -13 8 9 -3 20 7
3 -13 -13 -13 -4 2 3 16 17 -18 -2 10 4 -8 -3 13 -1 -16 4 18 -2 0 8 3 -19 20 -15 7 6 -4 -19 10 -4 -20 19 13 16 20 -8 0 -18
-17 -1 19 -15 -18 -4 13 8 -6 5 18 16 1 -20 9 19 -10 14 13 17 -16 -13 -4 5 10 10 13 -3 10 -12 20 19 18 11 18 16 17 -7 20 -3 1
-8 1 17 -9 -9 -20 -18 -7 9 5 15 20 -15 -10 -4 17 -2 13 -1 -6 14 -18 -8 -13 -20 17 12 18 -20 -7 0 5 2 15 6 -5 -18 -10 -11 -5 18
-18 -11 -7 -12 20 6 -20 -9 -6 3 11 -13 17 4 0 -2 5 10 3 11 -15 -1 -16 17 -11 20 -7 -19 0 14 -6 16 -13 -5 -12 4 -4 -9 -1 8 20
5 -18 -16 -7 -2 8 11 -14 -4 -7 8 17 -12 -9 20 9 11 18 20 14 15 17 -2 17 10 -11 17 -5 -13 7 -19 20 14 20 -14 5 9 20 -6 10 -2
2 -17 -8 14 1 1 -18 14 19 8 13 12 -4 -9 -14 -11 6 12 -10 -1 11 10 20 13 -13 -3 -2 -5 -17 20 -10 -13 -19 2 13 9 13 -12 -19 -16 10
13 9 1 -1 -10 17 -4 19 -15 -19 7 -12 -4 0 -14 17 18 9 15 -17 0 -12 6 16 3 12 -11 7 0 -13 19 -20 18 10 -9 -14 1 -3 -11 -11 2
7 -6 6 7 -14 18 -18 3 -8 18 4 -1 -3 -9 -16 4 -12 19 8 0 18 14 -3 12 17 -7 -9 -1 -6 -2 -13 1 -18 -13 9 -8 -4 4 10 2 15
7 15 -2 7 -10 -17 20 -7 -13 -14 15 10 0 16 -12 8 -7 -11 1 -2 10 -7 12 15 -17 13 -20 14 19 9 -17 -7 12 17 -17 -3 -10 10 18 1 -6
-13 -7 -5 14 -9 2 9 -8 11 -17 -20 14 3 -7 -5 -8 -14 -13 -14 -17 14 14 -17 -10 5 8 -7 -11 -12 -16 8 9 -19 12 13 17 -8 -17 6 6 -1
-9 -14 -4 5 -12 7 18 0 9 -14 -13 -10 -6 -13 12 -12 12 -19 7 13 -16 -13 13 15 -19 7 -1 1 1 -4 8 -18 -14 -5 7 17 13 -7 -17 17 9
17 -16 -9 9 16 -14 16 16 8 -7 -13 13 -11 -9 -13 -12 7 -14 15 15 -15 16 2 -7 16 -10 -15 7 15 4 -9 11 7 -1 -6 -17 3 12 11 10 -9
-4 -20 17 3 -15 -17 -11 -1 17 0 -2 -5 4 11 -4 14 11 -5 -17 -11 -9 -8 -1 -20 -14 3 -19 1 -5 -8 8 -1 -8 1 -12 1 4 -17 -20 -14 -8
-9 17 -16 -17 19 0 13 9 -4 2 1 11 -18 -10 -16 -16 6 -12 -1 -18 7 -15 -18 17 -9 -4 -11 10 11 1 -19 -10 10 -3 -2 0 -15 -19 3 1 1
-11 19 -15 -8 -7 8 -4 -16 -20 -5 -9 -16 14 4 17 6 -4 -15 -17 7 -15 6 14 9 20 8 -2 16 -10 -6 -3 -19 17 -18 -16 20 16 -13 -6 15 1
9 -20 -8 14 -17 -12 -8 1 -1 -7 19 -14 10 -5 -8 2 12 16 -15 15 -11 -4 0 11 -14 8 -2 -20 0 16 14 -6 -18 -19 -10 -6 -10 2 -10 -14 -20
6 10 3 10 5 20 -12 15 -13 -13 -7 -3 -15 -16 -12 -6 -3 -12 -13 18 8 -20 20 -15 -13 1 -9 8 13 -20 15 -7 6 11 17 10 -15 8 -16 3 -10
8 0 -19 -20 5 -11 5 16 16 14 -5 -7 14 18 -5 -11 -7 -18 -4 9 19 -8 9 -14 -20 9 9 1 -6 -14 -6 7 -15 4 -10 -18 -13 -18 0 -14 -14
13 -14 -10 14 -14 16 -19 -4 5 -17 17 16 -15 18 -18 11 -10 -2 11 -15 -8 12 -15 9 3 -5 -11 -8 -1 4 15 7 -17 14 19 14 2 -5 18 5 -8
-18 7 18 5 14 -19 10 17 9 -11 18 20 8 10 18 -14 12 -6 20 1 15 -2 2 1 -9 -9 8 -19 11 5 -5 -5 -20 -9 -4 1 -13 -14 10 1 -10