-4 4 7 -17 16 -2 -19 -11 9 3 4 19 14 18 -12 17 -11 9 -3 20 -14 20 -18 14 -4 2 1 14 7 14 -12 -20 11 15 19 1 -2 8 -1 -13 -8
-17 -3 -9 10 -15 20 14 17 20 -3 14 -5 -6 -14 14 18 -13 -15 12 2 -9 -7 -15 -7 -17 -16 -20 -9 17 11 -7 -11 15 -8 11 7 15 15 -10 -14 1
17 -12 -3 -9 6 0 -17 0 12 4 11 15 20 5 -13 4 19 9 -14 2 -13 -17 -4 3 13 -9 8 -9 -7 -12 -16 -7 3 18 8 -11 -1 -4 -2 2 20
-16 13 12 -20 -13 3 -12 -10 -12 3 -8 -12 20 -16 9 1 -9 -15 3 -6 -9 -19 13 -9 15 -1 -13 9 -19 10 7 7 9 -11 18 12 -19 11 -15 -14 -11
-11 1 20 13 -10 -13 9 -17 -12 -10 -11 -9 14 -11 1 -11 -10 -19 18 14 -2 -2 12 12 6 19 10 5 13 -19 2 -16 -8 -14 -13 -20 2 -2 6 14 13
-15 -11 2 17 17 8 -16 0 -1 18 -16 12 10 6 -7 11 -4 2 8 -9 -11 -18 10 -11 5 -11 19 9 10 -10 -1 -7 11 8 -16 -16 -19 -19 -19 5 8
-14 6 20 -16 -4 0 -7 -6 19 -3 -20 15 -16 -6 -8 6 -10 19 6 9 17 0 16 -15 5 10 6 18 1 -9 14 -19 6 -15 3 -14 20 0 18 20 -3
11 -5 -17 5 7 -8 3 4 -1 -20 1 -12 -14 18 5 9 -19 -15 -3 13 -18 -18 -6 18 6 15 7 -8 4 2 -2 13 -6 11 -3 3 -11 -14 -17 -6 2
12 16 -16 14 1 14 -9 16 3 -15 -17 11 8 16 1 2 1 16 0 1 6 2 -3 -15 -15 1 12 5 4 2 -15 7 2 -10 6 -8 3 -3 -1 12 12
17 7 -2 19 -13 14 -13 5 -9 7 -5 -18 17 -9 -10 -19 -1 7 0 3 13 -8 -17 16 -7 16 4 9 8 -14 0 4 -14 16 -7 -2 -19 -19 -19 15 7
-13 -19 4 -3 -8 -20 -3 5 -16 7 -7 -8 10 5 16 -9 20 -8 20 3 17 -20 15 -1 18 -19 -1 -16 11 -2 -9 16 -11 7 -18 -18 19 -13 19 3 -5
1 -14 -18 2 17 3 -5 18 -19 -16 8 -4 -13 -5 -7 -5 -4 18 19 -16 14 18 -15 19 20 -7 18 18 -15 4 8 10 -6 8 -9 -10 -16 -3 6 1 13
-15 -8 6 -18 -15 -14 -4 4 -8 -14 -1 -13 17 -14 -17 -10 -10 13 20 -13 12 -1 16 19 18 5 14 17 -11 2 -14 17 18 6 -1 -5 2 -20 -14 17 9
8 -16 15 -16 -16 10 4 -16 -4 11 14 -12 -10 -8 16 -9 6 -3 17 -4 -15 20 -7 9 15 -11 -13 -15 -9 18 -20 -13 -7 8 -16 20 -20 6 8 -7 1
16 -5 20 17 -11 -20 -18 13 17 9 15 15 -6 8 20 4 2 16 -10 -2 -11 11 -8 -17 -7 1 -1 2 5 -8 -7 0 -19 -16 5 14 12 -7 -8 0 6
5 -8 11 18 -3 8 11 -4 5 17 -4 -12 15 -5 2 20 15 5 18 10 12 -5 2 14 -1 -14 -14 14 11 -18 10 13 -19 -16 7 -5 -9 -17 14 -16 -19
-16 -19 9 -17 -18 -2 10 -20 -20 9 -1 -15 0 -12 3 16 -16 -15 9 -16 3 -11 -13 8 -20 -5 14 17 3 19 17 13 -18 -17 -4 -2 -18 -5 5 -6 19
9 -20 7 -2 -20 -5 -1 -4 12 -13 10 1 -10 10 -5 9 -15 -2 -16 -8 -6 13 -18 -1 -1 -2 -3 -18 0 -8 16 -2 -10 2 11 -6 0 16 -3 6 13
-9 -15 8 9 -19 -16 -4 15 -12 -6 -5 19 -13 -12 7 -7 -3 2 -5 10 8 5 -19 8 6 6 13 7 2 -10 2 17 -14 8 16 19 12 -17 -11 -8 -2
13 -18 -9 -3 1 -17 -16 5 4 -9 -5 19 11 -8 12 -1 -13 -4 -4 11 12 -16 -10 -6 10 -6 -6 13 0 0 14 20 -17 -19 7 4 9 19 -6 5 18
6 -14 4 0 7 -16 -1 0 -19 -1 1 -17 18 8 -17 -20 8 1 4 -9 -19 -5 19 9 5 14 -14 20 12 -12 -16 17 -3 -7 17 3 18 -9 4 -6 10
12 -16 20 9 -16 7 -1 13 -14 20 20 17 -5 -3 -11 17 18 -3 6 -7 -16 -20 9 8 -11 -16 -7 10 15 -7 8 2 -16 -15 -3 -2 11 15 8 10 20
15 -14 8 2 -1 -2 15 -4 2 15 18 9 -16 -2 19 8 10 4 15 -20 11 7 20 8 4 20 2 -8 12 -15 8 18 3 -18 4 10 18 20 7 -10 5
-7 -19 18 13 -18 -13 12 -8 16 -18 -13 17 12 13 -1 6 -6 18 5 -6 -15 -10 17 3 -14 -2 10 8 -18 -20 10 14 10 16 -11 17 -15 8 -16 -5 -11
-5 4 -7 -3 -17 -11 1 15 4 -15 -7 -17 0 0 11 -2 -6 15 14 -18 3 9 -1 1 6 1 -3 -8 -1 18 11 11 -12 -16 7 11 15 3 14 -16 14
19 -2 17 -4 16 -11 15 18 9 -7 -18 3 -11 -16 10 -16 3 3 -14 10 -5 2 -17 20 5 13 10 -20 0 -15 8 20 -9 5 -17 -10 4 -1 20 3 19
15 3 13 11 1 -5 17 -14 -11 19 19 -10 -4 -14 -13 -11 11 -8 20 -20 16 -2 1 -10 2 2 -8 16 -11 14 20 9 -10 -2 12 1 13 -16 0 -13 0
-6 18 20 -8 -5 9 8 14 1 14 -2 14 -14 -3 12 -11 -13 1 19 -13 -10 -5 16 5 3 -2 -3 5 -19 8 -7 14 -14 -13 5 -14 14 -18 3 -6 -6
9 18 20 11 8 -17 -12 2 -16 8 6 -5 -8 -12 17 -16 -16 17 13 -18 10 -5 -12 -2 -10 9 -1 -11 4 15 -7 5 0 -7 8 9 -5 -2 8 18 -17
-19 7 8 9 15 2 -16 -17 -13 20 17 11 -3 -3 -6 5 -1 -12 -12 -6 1 2 10 14 11 -15 -6 -12 5 3 -17 -8 -9 -3 -3 11 -12 -6 -16 -11 -19
4 -13 -9 -3 16 -19 13 15 1 -14 19 -18 8 16 -11 -8 16 7 11 19 -1 6 -1 -18 1 -12 19 -16 16 6 5 14 11 0 -14 -13 -20 2 6 11 -10
-16 2 9 -20 -4 1 -17 11 15 19 -13 -20 3 -18 12 -20 -12 -12 -16 14 8 13 2 16 -19 -6 2 -15 -19 -10 -17 11 -20 7 -13 9 18 -14 7 18 15
-6 -18 3 20 16 13 -13 -17 -2 5 12 -5 20 -12 13 -2 -8 12 5 19 19 9 -14 -10 6 -3 5 7 -10 17 14 6 13 8 -18 8 -13 -9 -2 18 -16
7 -8 14 0 14 12 -2 1 -7 6 16 10 -11 -16 13 -18 1 -6 11 -4 18 -10 8 11 6 9 -8 -18 8 -16 10 -5 14 7 -8 -4 6 -14 7 -7 20
17 -16 -1 5 4 18 9 -8 -13 -13 17 5 14 15 -13 -16 5 -15 1 -11 19 -14 -20 2 10 9 8 16 -3 -10 12 13 -9 12 -19 12 -16 2 12 -8 -2
17 -5 5 13 -11 10 10 -4 5 4 -15 11 -19 -16 2 13 4 8 -13 -9 10 -15 15 -19 -8 -5 1 19 -5 10 2 -3 -5 -4 -6 -16 -2 -6 -10 4 5
-6 -19 -14 13 -1 13 -2 9 14 15 -17 0 16 15 6 20 15 13 1 -15 -12 -14 -3 -18 -1 -9 -8 3 -2 -7 -1 11 5 12 0 -6 11 -7 7 -6 -4-7 -16 7 -15 13 -14 1 12 16 -16 -12 20 18 17 -18 0 -15 9 -13 3 18 -10 -2 11 -5 4 -17 12 -12 -5 2 19 -1 -14 -19 15 -16 -7 8 -9 4
-4 -1 -7 -15 -19 -16 -16 8 0 -8 -16 -4 19 16 -14 1 3 4 19 -3 -2 -2 16 -7 -7 -16 -1 13 -7 -15 -1 -5 -13 -6 16 5 9 3 -17 -8 8
-5 -2 12 2 -1 2 -9 13 14 -6 20 -8 19 -6 -11 8 6 -4 -1 -3 6 -6 -19 1 -19 -5 -5 -14 -5 11 19 -9 17 14 15 13 -10 -16 11 4 9
17 -9 10 19 16 16 -9 -9 -15 9 -17 1 1 5 3 -2 5 -16 -14 -15 -10 4 -3 -8 12 -3 -4 -4 -2 -18 20 12 14 9 8 11 -13 -5 -7 -4 0
10 10 15 14 18 5 -1 14 4 -17 1 18 19 7 -19 20 3 -8 -16 -11 18 -8 7 8 9 -19 10 -19 -14 14 -17 -13 -8 0 -7 17 -4 -12 6 -5 -17
-3 13 -6 -4 -1 -15 -11 18 -2 -6 -8 13 2 10 12 17 3 11 -18 19 -5 6 17 -8 -13 15 -17 -15 9 -13 -6 -4 18 5 7 -17 8 -8 6 7 2
4 7 12 2 16 19 5 -13 10 16 8 7 17 -3 14 -3 16 11 -8 -12 17 10 -3 -13 -18 -5 19 1 13 8 -14 7 -4 3 -3 -5 4 -9 -9 -6 16
-13 5 -12 17 15 -11 13 17 1 4 -6 -17 4 0 -15 4 -12 -6 -1 -20 12 13 18 -11 -14 -14 8 15 11 -20 17 -18 -16 5 -11 -18 3 7 -4 18 6
-19 8 -4 -12 -17 4 6 17 20 -16 -10 -19 20 9 -1 2 5 -3 7 -7 -1 17 16 14 9 5 -9 2 -4 0 -4 12 -4 -20 -4 7 -18 1 5 15 19
6 12 0 2 18 -20 -9 14 10 14 -3 -15 12 -12 9 12 2 19 -19 -20 -8 -12 -7 15 -13 16 18 20 -11 -15 8 18 7 -17 20 -15 -5 -2 -10 -17 9
14 20 -8 -19 -13 -1 -6 -14 3 17 -14 17 8 15 -1 -12 15 8 -11 18 -13 17 2 -9 -14 -12 5 -1 7 -11 1 1 2 -19 -7 0 -16 7 14 13 9
-16 5 -19 11 15 -17 15 -15 0 -6 14 -13 7 10 -3 -8 6 -4 -2 -3 -18 -4 20 20 14 2 -5 16 2 4 -15 1 18 -5 -3 -20 19 12 -9 -4 8
0 1 17 -10 -12 -12 -11 -15 10 -8 1 4 -19 17 5 11 13 10 1 -14 18 -8 4 13 1 9 -14 7 9 5 2 -7 5 -5 1 -17 -4 0 -5 -18 -10
0 7 13 0 10 -1 9 9 18 -17 -16 14 -14 -7 -15 -3 -15 7 -2 -6 19 -12 -2 -18 5 -14 -3 -15 -3 -9 -9 14 -11 5 -17 5 -19 -7 -11 18 -10
17 1 -14 -5 -1 12 6 20 5 -5 13 -19 -13 -11 -19 2 -20 -4 9 -8 -19 19 -7 -9 -16 10 -13 -1 -14 8 0 18 -18 6 1 -1 -8 -14 20 -16 -12
-16 9 7 8 9 -15 -11 12 -2 0 -7 14 -10 3 6 -13 1 17 6 18 9 5 -8 -17 20 -11 15 -15 4 -1 -9 -16 20 -10 -10 11 11 -2 -15 -5 13
0 19 13 0 -17 6 -10 -3 -20 11 -4 -2 -11 12 14 9 -7 9 10 -18 -8 -16 -10 -1 15 3 -5 -11 -12 11 -7 2 13 -5 -5 6 9 18 8 14 -17
-9 10 17 -17 -5 18 -5 12 -2 -1 -8 19 -15 3 -3 3 19 14 -10 2 -18 -5 11 10 -4 -13 -8 -13 -15 6 -14 2 2 9 -10 -2 -11 12 14 -16 -14
-20 16 -8 -19 -14 -13 -18 -6 5 -12 8 19 4 12 -4 -15 17 19 12 6 -12 14 20 7 -15 -11 14 -19 7 -5 17 19 -10 -12 -2 -16 -9 12 -19 -15 12
-13 6 15 -17 -11 9 8 18 -2 -7 -8 10 1 -16 7 -6 -9 11 2 -3 -3 9 11 15 -13 -4 -3 -15 13 7 14 -16 18 -14 -2 20 16 -9 -13 19 -18
-14 0 15 10 15 9 17 5 -12 4 -1 -8 4 13 -12 -16 -10 2 9 -13 -16 -5 4 11 8 -7 1 7 -13 20 18 9 15 15 19 5 19 2 -4 12 14
20 -20 11 -12 -7 -9 1 2 -17 16 -1 -20 -14 15 -10 1 5 -4 5 16 19 -17 -14 -1 -4 15 1 9 -18 2 17 14 18 1 -1 1 17 -8 -14 -15 -16
-16 7 13 -6 -16 1 20 -9 -14 -14 -17 12 -3 8 -10 -18 -11 -16 19 -15 -9 -8 19 -1 -17 18 20 13 5 12 0 -19 20 -5 18 -17 17 -17 20 20 -15
7 -2 -17 -12 18 -20 9 10 0 -14 -5 8 -8 20 -12 19 -8 6 -10 8 14 -7 17 5 3 3 -16 -14 14 10 10 16 20 -19 -14 -10 1 4 7 -13 10
2 6 13 -9 -17 14 6 0 -15 -20 -9 7 -10 -16 10 17 -13 9 -2 -12 -13 -7 10 -4 -3 -3 18 11 13 -18 1 5 19 -1 0 -7 1 -9 7 2 -7
10 3 -8 14 -11 10 8 -9 -1 8 -4 0 17 -9 -4 2 -7 -17 9 -19 7 16 -16 -8 -12 2 -2 13 18 5 4 -3 7 -9 15 4 19 -18 7 18 18
-16 9 -4 -20 -5 9 9 -13 17 3 -15 -11 19 -9 -18 8 11 9 5 -3 0 13 3 -15 11 19 -18 -4 -20 -3 5 7 4 19 19 10 -17 -4 19 -13 7
1 4 -18 -17 14 -1 11 4 3 -8 12 -5 -9 3 -13 15 -12 -6 0 -3 3 -2 -11 -3 -13 -16 -8 -1 -19 18 13 -18 6 -8 -3 -16 19 11 13 18 -8
-11 -20 -8 19 18 12 -12 -16 15 12 11 4 -20 -13 -15 1 6 -17 -4 -5 -19 -10 -10 0 7 11 2 6 -8 19 14 -4 -9 10 -11 6 14 -9 2 20 -13
-6 14 17 -11 5 -12 17 6 4 14 -11 -5 13 20 -16 -8 -19 -18 -7 11 9 1 -3 16 -7 -18 -3 -17 20 3 -1 -1 -16 -14 -11 -17 -11 -18 -16 3 15
-14 2 1 -12 -10 12 -14 -8 14 -4 -7 -17 7 -3 12 -1 -10 -10 -9 -13 4 0 4 -3 12 -19 -16 -19 20 -20 -18 15 2 -16 -8 -5 -1 5 12 13 -17
-8 18 -16 -13 11 0 8 8 -17 15 10 -8 17 -14 11 -4 -4 3 -7 -18 9 -18 19 3 -2 -19 -2 -9 -17 -18 0 9 7 -17 -15 3 6 -14 -19 -14 -13
-7 14 11 11 16 18 -11 -18 20 18 19 11 13 16 15 -14 -7 -3 -11 -2 4 -13 17 -14 14 -13 7 -1 15 -4 1 1 -17 20 -4 17 8 19 -18 -7 -8
-19 16 9 -20 -7 -9 11 -17 -17 -3 7 1 -2 -4 0 19 14 1 -15 4 -8 5 16 -7 4 9 -2 0 13 -12 16 3 -10 5 16 -16 -4 5 -4 14 17
-4 19 -16 -20 3 8 -4 -7 -3 1 -15 -3 6 20 -16 -15 -6 -14 -2 -15 -4 13 11 4 1 -15 -9 -6 15 10 -5 18 5 15 4 -8 2 -3 19 2 6
-2 20 -2 12 -6 -9 8 -16 17 7 -5 -11 0 -10 11 20 18 18 11 -18 -4 -15 -4 0 14 -2 -12 -8 -7 10 19 5 11 -15 5 -18 -10 -2 5 16 10
14 10 12 16 -1 4 16 18 16 3 7 6 12 -7 19 14 13 19 -2 -11 13 -7 12 -3 -19 -5 0 1 -3 11 12 -16 -13 -19 16 11 -14 -19 19 -6 -19