19 -2 4 -1 -2 13 1 -11 -9 19 -7 -9 18 17 -20 -3 0 8 -6 -12 -15 7 16 -18 13 13 -11 6 -2 -7 4 -18 13 7 -9 8 -20 -1 -18 0 18
-8 -7 0 -20 11 -10 1 -1 9 7 10 -1 -2 3 17 -1 18 -14 -6 4 16 8 -19 -19 1 -4 11 -12 11 10 4 -20 -16 5 19 -9 10 8 0 18 19
-6 11 -20 4 1 7 1 11 3 -10 -3 9 -11 -16 -11 8 -18 -9 -16 -13 12 -8 6 -12 -10 1 -8 -19 -7 0 -19 10 -8 14 -6 0 8 12 3 0 14
0 -4 6 5 -20 18 -11 -11 9 20 -19 -8 -11 12 11 18 -15 -9 -16 -19 5 14 4 16 -16 -6 -7 -6 -18 -1 18 3 8 13 7 1 16 -13 -2 17 -13
-10 -6 0 -13 -11 0 -10 5 7 8 18 -15 19 0 -16 -19 -20 12 11 -4 -8 -10 -17 -5 7 18 -19 -15 4 16 -19 19 7 2 12 -20 -16 3 18 -16 -11
16 1 -10 6 1 -20 14 7 -19 9 1 -14 1 9 -12 2 -14 4 -19 -3 -16 14 -8 -3 -4 -5 -1 3 14 -18 -12 -16 -1 6 7 -17 16 10 -17 -19 -11
-13 -14 -17 12 -20 7 -20 9 -4 2 9 14 1 -6 -10 18 12 20 -13 1 11 16 -7 14 -12 -8 -9 -10 8 5 -13 7 -13 6 -20 -4 10 0 10 -9 -8
3 11 -10 8 -4 -2 20 4 -7 -16 -6 -11 -19 5 -7 -13 12 15 -19 -19 13 18 4 -10 -8 -5 -5 1 15 14 6 -17 -15 -14 -10 -1 -18 -7 9 -5 6
11 9 -5 -18 12 -7 20 3 2 17 -1 0 -5 14 10 19 -11 16 9 2 -6 -2 -7 19 11 13 -16 -6 6 -5 5 -20 15 -3 14 19 2 0 14 -1 14
-17 8 -8 -4 6 7 -7 -19 7 17 14 -8 5 14 -6 8 -5 18 -18 -9 -10 1 -10 -7 10 -3 12 -5 -18 12 -12 -6 1 2 6 -12 -15 -16 16 6 15
-11 -18 6 8 12 16 19 4 -5 -15 2 -3 -10 -15 -19 12 1 5 15 1 2 -5 -5 14 -3 -16 -11 -11 -10 -1 17 -15 -1 -13 16 2 2 -4 13 10 7
-13 12 1 7 -5 -18 -2 3 9 0 1 2 -10 4 13 -19 8 15 -4 10 20 -15 4 3 0 -3 -6 -2 -18 -9 13 8 18 -11 -17 -12 -14 -7 -10 -5 -5
4 -4 9 -7 5 10 14 -11 -2 -3 -7 11 -10 19 11 19 -6 18 -13 0 -10 1 0 13 -15 -15 19 14 -10 -11 -17 -16 12 -3 14 9 -11 -4 12 -4 5
-7 7 6 6 0 7 -2 -1 15 15 5 -16 14 5 15 1 19 -9 20 -8 -3 14 6 16 -5 7 -13 -13 18 15 9 6 -8 6 -7 -17 -14 -20 11 3 5
17 9 -1 -19 -8 8 -10 -11 10 0 -15 8 9 17 -3 12 11 -1 7 -10 -13 1 -7 -5 4 -15 14 -1 -14 2 17 1 -4 14 -2 4 15 15 8 9 -14
14 -18 -3 -18 16 10 8 -8 -15 -13 -13 -1 3 20 -5 13 9 15 4 -2 -10 -6 -12 -19 -15 20 -10 -15 17 9 -3 12 0 -20 3 20 5 20 8 20 7
-10 -19 -18 -7 18 15 10 -10 14 18 -11 -4 -4 5 -11 -9 -3 10 2 -15 -2 -1 14 6 -16 -14 17 17 -19 -20 -8 11 -15 9 -16 -1 -19 -6 14 -10 13
-11 20 12 8 18 9 3 20 5 -4 16 9 16 12 -1 -3 -5 2 20 3 1 2 -15 14 -5 16 3 4 18 6 5 3 1 -17 20 -11 13 3 18 19 -2
-14 20 18 15 3 14 -15 -10 13 5 -15 1 15 -5 -19 -6 -9 15 0 14 -6 -19 -15 10 -8 1 8 4 -20 -3 6 14 19 2 -3 -15 12 -1 19 10 5
-5 -18 6 -8 9 -18 -7 19 7 17 -17 -4 -16 17 14 -11 -11 -20 12 -6 13 -6 -2 20 7 1 4 -8 18 10 10 15 -14 11 -10 6 -10 11 7 -2 9
18 2 -14 -8 19 0 -17 20 -2 12 -2 6 18 17 -2 -15 -16 -7 -17 6 -14 -4 16 17 20 -10 -17 -6 -15 -16 8 -7 -8 10 -1 8 16 -3 -16 -19 6
-17 19 -18 18 -7 -14 18 6 9 -6 -4 12 -14 -20 20 -2 0 -20 12 10 9 4 0 12 -10 -3 -3 14 20 -16 -13 -10 4 17 1 19 17 10 8 -7 -14
-2 -5 5 6 -6 9 -3 -1 2 11 12 -15 -7 0 5 -5 7 16 0 0 0 -10 6 -11 -16 7 19 -18 -13 -20 12 -20 -10 -6 11 -14 13 -14 -7 -5 19
17 4 20 4 18 10 -17 6 0 18 19 -15 -16 20 -15 16 -4 -4 17 18 -3 -19 15 5 12 16 -14 -19 -8 -7 -18 -10 -13 18 1 9 -1 10 -9 -12 13
-19 -20 -7 -8 5 -1 -11 20 19 -5 18 -3 -7 0 5 -15 -12 15 16 -20 15 -10 16 13 -1 -12 -19 -18 16 2 9 15 -20 -20 10 -20 19 11 -10 -12 16
15 -17 11 -1 -10 10 -2 -19 8 0 1 17 -5 16 -6 -4 7 17 -2 12 -20 -19 14 14 10 3 6 3 7 -14 14 6 -3 -18 12 -19 13 10 3 0 -1
9 4 18 -20 -12 -13 -10 7 -8 -14 -15 13 4 2 17 9 -8 8 3 7 -8 -8 1 8 -19 -6 -20 -5 -8 -13 -4 3 -3 -13 20 -17 3 -4 -8 20 -5
11 18 19 -1 20 -14 -7 -16 2 5 10 6 18 -13 -2 -14 -18 -6 -8 0 17 11 -9 -16 -1 20 -14 8 15 17 -9 -19 -17 -16 -20 11 19 7 -18 6 -3
8 -18 -13 5 -3 -16 11 20 -7 -8 -15 -8 -9 6 -17 -6 -15 -5 -20 -12 7 -2 4 -3 16 4 -18 15 -19 -14 10 -15 13 -7 20 -5 -9 -18 -10 7 4
20 -5 14 -4 18 4 -10 -2 -1 7 -1 20 6 3 -3 19 -17 0 -8 -15 18 -8 7 1 19 10 -12 20 -7 -16 1 13 17 6 6 0 -14 16 19 -13 -9
3 5 3 16 -9 -11 -20 -17 18 -2 -13 18 15 9 10 -19 15 -10 -14 19 -18 -19 -20 -4 12 13 19 -10 -5 -12 2 -12 20 -18 -20 4 -15 -6 18 19 8
19 -18 -18 15 -19 -9 -10 18 -20 0 -5 -8 3 -2 -14 11 -16 8 -11 11 9 -1 -10 10 -10 18 18 0 -16 1 9 -6 -1 8 -19 -3 16 -3 -14 10 -13
0 -5 -19 -1 2 -6 0 9 2 -5 -3 1 -7 8 -14 -2 7 12 -11 7 1 10 5 -1 -16 1 -6 12 -7 19 -8 11 3 14 -16 -20 20 0 16 -5 -5
-11 -4 15 14 16 -14 19 13 8 19 0 -9 -12 3 6 6 15 2 -8 -17 -10 15 -6 -20 -20 19 20 4 -17 -5 7 0 -1 -19 8 14 -6 10 5 3 -7
3 0 10 -15 -3 -3 -12 5 3 -7 20 -17 -6 -5 -3 -2 14 14 15 -18 9 -19 6 19 9 4 14 11 18 -15 4 20 -8 -9 17 2 -20 -11 -9 -3 16
-3 20 -8 -8 -11 -9 -14 4 -17 20 17 12 9 -8 -11 -12 -14 -4 -18 -11 10 -20 -4 -16 -18 -10 20 19 17 -14 13 20 -8 2 2 15 14 3 -20 -15 -3
-11 19 -8 -8 19 14 20 13 11 -15 -15 -1 -12 -11 11 0 13 -9 6 -9 14 0 8 18 10 -18 -5 17 0 12 8 13 11 8 2 -8 -11 4 -16 1 19-12 -4 -12 -13 10 9 8 -5 18 18 -11 7 -2 -4 15 -17 -2 16 16 -14 11 -13 -5 18 -15 -8 14 -1 -10 7 -17 -17 6 -17 -16 -7 -11 0 -6 -17 -19
-16 10 7 -6 -16 -5 8 18 16 -7 14 20 18 7 3 17 18 -19 -4 -16 0 -13 17 5 15 20 15 -8 1 17 5 20 16 -11 18 -10 13 -20 10 9 10
-5 -13 -14 10 -5 4 -16 2 -9 -6 0 -14 -16 7 10 6 8 1 15 5 3 -6 -15 20 6 5 -3 15 -6 7 -3 -9 8 10 7 13 17 15 -17 -19 19
-20 -7 3 -12 1 -12 12 11 -6 -8 -11 20 -4 1 -2 4 -19 -2 -19 10 18 -16 -14 -19 1 1 -13 -9 16 10 3 -12 -11 -12 -17 -6 -8 11 20 9 -3
-8 13 -17 15 13 5 12 -2 5 9 9 -18 -11 13 -20 5 7 -6 14 -12 14 1 -10 15 -18 -12 11 -4 0 -1 -8 -16 9 12 10 -8 12 1 -12 -10 -18
10 6 -15 6 3 -3 -14 -11 -5 3 19 8 -7 -8 11 20 -15 2 2 3 19 -11 11 4 -4 -7 8 11 -5 -11 -8 -3 -5 -16 1 -14 7 14 13 6 -3
-11 3 -1 -17 1 -7 -2 0 16 -5 18 16 18 15 16 -3 18 14 9 4 12 20 -4 -3 9 -18 -7 -20 16 -2 -12 1 17 -13 14 -17 -4 -12 -19 16 1
19 -15 9 -13 -20 -6 4 1 1 -6 16 7 -4 -5 12 -8 -19 13 3 8 -11 6 -17 3 1 -10 0 5 15 -15 3 0 6 0 -18 -20 9 14 -12 -4 7
16 17 -10 6 -4 19 -9 15 -15 -9 9 11 19 5 -15 -5 -20 15 14 -20 6 -13 -3 11 17 -12 8 -9 19 -17 -5 -8 2 -12 -12 -17 -5 -3 20 -14 -10
20 2 9 20 -10 18 -5 -10 10 -5 -13 9 -12 -1 -16 3 6 15 3 -2 10 15 -8 0 3 12 -19 -17 -19 9 9 2 -12 -17 -11 14 -15 -11 -11 18 19
8 3 1 -18 17 -10 16 9 16 -7 2 8 -20 -19 -14 2 5 19 8 19 -5 -10 -17 15 -10 -8 17 -18 16 13 0 3 -9 -20 8 19 5 -3 3 -11 20
20 8 17 5 2 8 9 1 8 18 11 8 -15 -5 -15 -5 12 -8 -4 17 -15 16 -14 -11 20 9 -8 -20 14 -4 2 20 15 -7 -10 -2 6 -3 -7 1 -2
8 0 11 19 8 5 2 -15 -1 10 -2 15 -19 9 -11 -10 20 -6 -18 -10 3 -3 3 -17 9 -11 -4 -5 11 6 1 -18 -8 -4 12 -7 -12 10 -6 -3 -16
10 9 12 8 0 3 -16 -12 3 19 -11 19 7 -11 7 -6 18 19 12 17 18 -2 18 18 -19 17 19 4 -14 20 -9 17 -4 -8 -6 -17 14 7 1 -20 -11
5 -10 -17 15 -3 13 -12 15 17 -9 19 -6 -16 20 7 12 -15 -12 -9 -5 0 -1 -10 -8 17 8 -14 6 -10 12 6 3 -4 1 13 -14 11 -2 -3 11 -10
6 15 -11 14 -18 -17 -7 -12 -9 -3 -18 13 12 -7 12 -7 -18 6 -15 -1 -20 18 -9 -1 10 12 -18 -10 14 7 14 7 10 -9 12 11 -15 3 15 1 -15
-9 10 -10 -12 18 -10 17 12 -13 0 11 -11 -12 9 16 -4 16 -6 19 4 -5 -16 -4 10 1 10 8 18 19 -3 -14 -15 14 -12 -7 -20 -2 3 9 6 -20
6 7 -5 -11 14 -10 -8 15 1 -18 -11 5 -6 18 -13 -4 -15 -2 -9 -15 -19 19 19 4 -10 10 -1 20 1 14 19 -8 5 17 -20 -19 5 -16 14 -20 -20
-19 -16 19 20 1 14 -9 -19 -16 12 -16 -19 -12 12 -6 -12 -2 -3 15 9 -8 -17 18 -18 -7 -20 -12 2 10 8 0 20 7 18 -12 13 3 2 15 8 10
15 -1 16 -20 9 12 19 16 -10 11 7 -20 -16 2 -13 12 -18 4 5 7 -11 6 -6 -14 -17 1 1 5 12 -17 3 -7 -16 -2 -9 -4 -6 7 2 -3 -14
-18 8 -20 -7 -3 13 14 -7 -9 -9 -3 -1 12 5 -11 -15 7 17 20 19 -18 1 17 15 -12 12 7 16 6 12 -20 6 -1 13 -2 -3 9 -10 -8 20 20
-9 -16 6 -12 20 -9 -3 -12 7 10 18 4 9 -19 14 3 9 12 17 20 -15 3 17 -4 6 -6 20 8 -5 -10 16 -10 7 17 -4 -10 -7 -6 1 2 15
-19 12 11 -1 5 5 -19 -4 19 14 12 -15 4 -3 -12 -15 3 10 18 14 -13 20 -16 17 -7 -16 6 16 17 12 -2 -20 -5 18 19 -9 1 19 -5 13 13
-14 16 14 5 -20 -16 -13 5 20 -4 -8 6 7 6 -9 -20 -14 -3 -6 -10 16 -5 -20 3 1 11 9 -14 3 -8 14 -7 -1 -12 -1 -6 8 -7 18 -15 7
9 5 18 -1 -12 -15 6 -20 10 -11 -2 8 7 -19 17 14 9 -13 4 -17 19 -14 -2 -6 -16 20 1 -3 -17 -15 -13 7 10 -7 -1 5 2 1 6 -8 10
-3 2 7 -18 -8 -14 -19 14 18 18 12 3 -19 -14 0 -16 19 9 15 2 11 10 1 18 -16 3 17 -12 -20 -16 -6 -4 15 -3 -20 8 -4 -9 -8 2 5
-13 16 -8 20 17 1 14 18 12 15 6 -7 0 10 10 2 6 6 -14 8 19 -11 -14 17 -3 -4 -8 15 -11 -14 0 5 14 -17 18 3 7 8 15 -18 -15
-3 -6 -6 3 3 2 17 2 20 -18 -8 8 -13 -11 0 9 10 6 1 -2 3 -19 -3 16 9 -11 3 1 6 20 6 10 6 -4 13 16 -4 17 -11 4 19
0 20 8 6 -9 -20 -4 10 -7 17 -20 4 12 -18 15 8 -14 10 -15 19 8 0 -9 19 7 -20 3 -9 5 -7 4 -2 18 -15 -20 4 17 7 10 18 6
18 -2 11 -1 -9 16 0 -19 11 19 6 7 10 -1 -19 14 -20 15 4 -2 -6 8 16 3 -15 -14 -16 8 -10 -12 11 1 -14 18 14 5 -15 14 12 -7 18
11 19 -19 1 -4 14 19 -4 13 20 -2 -19 -14 -11 8 -14 -18 -7 -18 -15 -13 13 -7 -5 3 19 15 -15 -1 -18 13 -20 -17 6 5 1 7 15 -16 -17 -15
-2 13 10 18 5 -7 -16 -17 14 19 -3 -15 -12 -10 19 12 13 -5 0 10 11 -9 -15 -4 -16 13 12 -12 -17 19 -3 -2 4 19 12 -17 -11 -18 14 -12 5
3 4 12 15 -5 -19 -18 -14 7 10 1 13 -4 2 -4 -3 -10 6 -5 -9 8 -6 -12 -14 4 -6 17 -5 -11 -19 -8 17 -5 -12 -20 1 -16 -19 14 7 -20
-11 -4 11 13 14 -5 -10 20 -19 7 17 4 5 -6 19 14 10 -18 -16 2 16 8 0 -16 -5 3 19 -12 -5 -1 13 -1 -19 12 14 -11 -6 17 15 4 -15
1 13 0 -3 -17 -11 -3 1 17 -6 4 3 15 5 -12 -4 -14 18 14 -11 -3 -6 -20 5 14 1 7 -14 -14 -17 11 9 -19 -12 -18 9 -3 -12 8 8 16
-12 -5 -2 -14 -20 -6 -3 0 1 15 3 -20 -12 -14 -15 4 -3 15 12 1 -4 20 20 19 -17 -17 -9 12 -10 -19 16 19 0 -8 -12 18 1 -20 -6 -17 -18
19 -7 2 -7 -11 -19 4 -2 3 -10 3 -11 15 -8 3 -7 -18 10 -11 12 -20 -10 10 11 16 14 3 20 18 -4 -11 13 0 5 5 -4 2 -10 15 18 5