15 -6 -10 -20 -17 11 -5 -13 -10 -6 -17 14 -13 2 -16 12 -15 -6 8 -1 -11 -6 1 4 2 9 19 -11 -10 1 11 -19 -17 12 11 17 17 -1 3 -14 -16
3 11 6 16 4 -14 19 -7 18 -17 -18 -3 18 -4 -8 2 -13 -14 7 6 -9 1 -10 3 -1 -1 -4 11 -13 -9 9 0 15 -7 -13 6 -4 18 0 -11 -19
-20 -20 16 14 4 -8 9 14 17 15 -2 9 14 -16 4 -2 10 -2 -14 -8 17 -6 10 -7 16 -10 -15 3 14 12 -18 -3 -13 3 -20 -6 -1 20 -9 -10 11
-10 -2 -9 3 8 -8 -19 13 5 18 13 -18 18 19 2 10 10 -7 7 -7 19 1 19 -18 1 16 -2 -15 7 13 20 9 -8 -16 13 -10 19 14 -16 1 -6
19 -18 -15 -16 -16 -16 -12 -1 -5 4 8 20 17 -4 1 -15 17 -14 -19 13 -9 15 8 18 -15 18 -12 -15 3 0 -16 2 -10 -14 15 9 -11 -15 -20 3 -4
-15 7 -6 -4 0 13 -16 -7 -6 -13 -11 19 -14 2 1 -17 -15 -17 -3 -14 6 -13 -8 1 -18 -12 -17 -13 7 0 12 3 -15 5 -3 -14 1 6 8 -14 19
5 11 -6 3 7 -12 -11 14 14 2 -7 4 8 12 -1 9 -15 5 11 -7 2 -19 -7 -17 -8 11 -19 -3 8 19 -15 -17 17 -17 16 8 0 -8 -16 18 1
-15 -20 8 0 -2 -2 12 -11 5 -14 14 19 -2 -12 4 12 -7 12 -9 -13 -19 -2 18 4 -10 18 -18 2 -15 -14 -4 9 -3 -8 20 -3 1 1 19 -10 8
13 -1 -12 -15 8 -17 -13 18 0 -17 19 -20 -17 -8 -2 -5 15 -2 -6 11 -13 -4 4 17 15 -18 -6 -19 -1 -11 -8 19 11 10 -5 4 -5 8 8 18 5
12 2 -1 15 7 -13 20 17 1 1 -7 -13 -18 -8 20 17 9 -20 -20 -12 -9 19 -16 9 17 -12 -2 -20 -8 -1 -3 -15 8 11 6 14 8 -20 19 -5 5
-7 -16 10 14 0 14 -4 6 9 13 -15 -3 -16 -5 9 19 17 10 16 15 10 2 13 -15 8 -18 3 -14 -18 -16 -13 4 3 -14 11 14 5 10 4 -3 11
-2 -11 6 6 -20 20 -18 -8 -1 17 8 -13 12 13 14 12 5 13 9 -14 12 10 -13 20 -1 9 -18 14 1 -18 17 0 -11 -14 16 9 7 -16 -18 -5 -15
-8 -19 12 5 -4 14 10 -9 -15 16 4 0 10 6 4 14 -18 16 10 -1 10 0 10 -6 -12 11 -13 2 16 7 3 -1 15 7 9 -17 17 -1 6 19 -4
-17 -8 1 12 -20 -12 0 -7 -15 8 -6 -3 4 -12 4 18 16 -6 -13 14 16 -11 10 -13 -17 -20 -17 -10 -10 -7 20 -8 7 -3 17 8 2 -11 10 13 -20
9 -5 -10 -5 2 -19 6 -10 7 -4 -14 -3 -3 17 12 -11 19 6 2 7 -15 19 -10 -8 -16 20 -3 -19 13 -3 -3 1 -2 1 -3 15 -4 -14 -16 -6 -20
-14 3 11 -14 15 -10 -9 -13 -4 -14 3 14 -16 -9 -11 -9 -15 -13 -5 -10 10 -19 16 -19 0 0 9 -16 10 3 -20 11 14 18 1 -17 -12 -10 -12 -11 -6
-1 5 -17 9 -7 -19 -5 14 -14 -1 -13 1 9 -10 -12 -12 -17 9 -2 -12 6 -15 7 2 -10 6 -14 -2 9 -10 16 7 -3 -9 9 -20 -1 15 -1 9 -5
-9 17 -10 -12 -13 5 1 -1 -20 17 -10 18 -9 19 -7 7 12 -9 -2 12 14 -19 -16 19 17 -11 -4 -15 20 -1 0 -14 -7 -14 13 -6 7 -10 18 11 18
-16 -7 -1 19 4 11 11 14 12 -17 -12 -6 -14 -10 -18 -9 -18 -15 2 -11 -8 8 -18 -9 9 10 19 12 10 20 1 -10 -16 19 -19 -11 -7 14 8 12 -10
-7 -1 8 2 1 -13 13 -17 8 1 18 -13 14 -4 -10 14 9 4 9 3 -1 -8 -18 7 11 14 -15 -10 10 -14 19 -15 -18 -12 -7 17 17 10 9 19 8
-11 15 -10 1 14 -6 8 19 -20 -20 2 20 -17 13 -11 13 -15 -5 -18 -17 -12 0 -14 -9 20 -12 -20 8 11 8 20 15 7 -13 -2 2 -20 8 10 8 11
-15 2 1 -3 17 0 -13 -8 -16 -17 4 -16 10 -12 19 5 -8 13 1 4 12 -8 12 10 2 2 14 -16 14 -3 4 -8 0 -10 -3 -17 -14 0 -18 6 20
-16 4 12 15 -15 -8 19 -8 -3 -18 -17 -5 -12 -9 4 18 5 15 1 14 11 -18 18 8 -17 -10 18 -7 3 -8 7 12 -5 -1 -18 -13 14 -19 -16 11 -20
-20 -20 -12 -12 15 18 -9 19 -18 3 6 14 -1 -13 8 14 -20 -6 -12 -8 11 9 4 -10 2 -1 8 -1 16 5 16 7 -6 -10 11 -9 14 -17 2 -13 8
9 1 9 6 6 8 3 -16 4 6 1 19 2 -20 -18 3 15 -16 -16 18 5 -16 -12 -15 -2 14 5 -11 -17 -12 -15 -10 1 11 -8 2 -3 -6 7 -14 -13
5 3 -8 -17 12 -14 19 16 10 18 17 -16 -14 10 -19 -5 -16 -2 19 -19 -16 12 2 -6 -8 18 -13 8 -9 17 3 14 16 -14 16 18 1 5 -19 -18 -19
-7 -10 -6 -1 -12 -10 1 -12 19 9 2 -17 17 -2 16 -19 6 8 3 13 9 6 -17 -19 -13 -12 -11 -3 -5 -19 4 13 16 -11 -2 -8 -15 -4 4 5 7
-14 -20 -9 -18 7 -3 -2 3 14 -7 -2 -17 6 -5 12 11 -9 -16 5 10 2 -8 -12 14 -2 9 -14 12 -20 18 -19 -14 2 14 -15 -15 -18 -15 4 18 6
17 -1 6 7 -4 -11 19 19 -18 4 -8 9 0 19 -17 -18 1 0 18 6 2 2 -6 1 -11 -1 -13 -14 3 19 11 6 2 1 15 -7 -8 16 7 16 -12
-2 -6 1 0 -19 -6 12 -9 8 -20 3 -18 -2 0 -7 -17 3 -18 -2 -10 16 14 19 19 14 3 -10 2 -11 16 6 -4 -5 -1 -4 6 13 14 0 15 -10
1 8 14 -14 2 -17 2 -5 -10 -17 -9 18 -1 3 2 -9 1 1 11 -11 7 -15 7 -10 13 -16 -16 11 12 1 18 13 8 -12 -8 -8 -7 -8 -7 -5 8
13 -7 -20 6 13 -5 0 10 -8 -18 12 14 -15 -18 -15 -6 -1 9 -8 -4 20 2 -9 0 -16 -3 3 -19 -5 5 8 -15 -3 -11 -7 -19 -15 13 15 7 -5
-8 0 -15 -3 0 19 5 19 -16 0 9 -6 -8 16 -6 -10 -20 19 7 15 12 -8 18 -16 3 -14 -1 -4 -17 18 -19 20 5 1 -4 -6 19 -11 2 20 12
-10 -12 2 17 -18 1 18 -4 -14 -17 -10 -17 9 -9 -16 19 19 8 12 -18 -1 16 8 3 -5 9 14 -15 3 -6 0 8 -10 14 8 -19 -10 1 10 -6 5
9 13 19 19 6 2 13 -5 -1 -9 16 1 -3 14 -8 -4 2 15 -1 -7 -10 -15 9 -10 6 12 -8 -3 -14 -1 -11 11 12 -9 1 2 -10 -15 -11 20 3
2 -15 5 -13 -1 -14 -16 13 -15 -1 17 -11 -11 -4 11 -10 0 12 -10 -1 7 -15 -4 -14 1 -2 1 -2 -2 15 -12 0 -9 -15 20 2 0 16 1 -8 15
-7 5 -8 -3 9 -13 -17 -16 -15 15 3 -5 4 0 4 -12 9 -15 -11 19 10 15 -8 17 20 -6 -19 4 18 -18 -3 3 -18 -18 -3 -19 19 -5 -18 -12 -10-2 -15 20 -7 -2 3 3 4 17 4 4 -18 6 -13 -19 -8 -1 -4 -6 5 8 6 -8 16 19 -8 -8 13 -15 1 -1 6 -15 -4 12 20 -15 -1 5 16 4
-14 -19 4 -3 -8 3 -17 -9 20 7 -13 -18 -6 -18 -17 20 -5 16 13 0 19 -19 -5 -10 1 7 -20 -15 -4 13 -2 17 18 4 20 -14 20 -6 -16 -1 19
-1 5 20 18 5 -20 5 -5 -2 -6 8 7 -5 -5 8 17 -11 -16 19 0 -6 18 -3 -17 18 18 14 2 -9 11 -11 -4 5 8 -2 12 17 2 -16 -19 -7
3 20 9 9 -16 -2 13 -7 -12 8 11 -6 -12 -18 5 -15 9 15 -18 -20 19 -16 -11 20 20 -19 -19 5 18 3 3 17 -20 -19 9 -4 -7 -2 11 -6 -19
-14 -2 19 -8 11 12 9 -14 -18 15 2 -3 -18 -4 16 -18 -5 19 -16 10 -8 -5 -19 4 19 9 18 7 -13 -19 -10 5 2 20 -14 -19 12 4 -11 -12 -16
-4 -13 -13 -6 -8 4 13 -4 18 2 13 6 15 -11 -3 13 -2 -11 5 1 -4 -11 11 16 -2 -2 -5 -7 -9 16 -3 10 -9 9 1 8 16 14 -18 5 12
-20 -1 16 9 -3 -15 -11 -13 1 -18 -9 12 19 -19 -8 -18 -4 -20 -2 9 -20 -10 18 -11 9 -5 -11 -14 14 -9 -9 19 -11 0 -11 -19 5 -1 -6 -7 -8
-18 7 -2 1 16 14 9 -8 12 4 -11 13 15 -14 -18 -9 7 10 11 -7 6 -8 -11 11 1 -15 -16 4 12 3 -15 1 -9 7 0 -17 11 -1 -2 -5 -19
-19 -17 -15 15 2 0 12 10 20 16 -20 -5 16 -12 19 -13 -1 5 15 9 16 4 -6 -20 18 -4 3 -4 1 14 13 20 -19 -14 11 19 -3 -16 2 -6 10
-15 -1 -5 -4 -13 3 -16 0 8 -19 -17 -16 -7 16 3 2 -5 -7 17 -5 9 6 -1 5 18 -7 13 10 5 2 17 -14 5 -19 16 -6 0 7 -1 4 1
16 13 -17 2 -2 -4 -16 -7 17 10 -9 -6 11 -20 0 8 19 -7 2 -19 -18 -7 20 18 -16 -19 -2 14 -9 5 -6 -18 11 12 9 14 -5 16 -12 9 6
1 -13 -16 -3 10 -17 -14 15 -1 7 20 -20 18 -3 5 12 -7 15 -16 7 -3 14 -13 15 13 -11 6 -10 -16 -7 -2 -14 -19 5 9 8 -19 1 20 12 17
7 1 15 9 18 -6 18 -19 -13 -6 8 -1 14 14 11 20 18 -12 -6 8 20 -16 -10 7 -2 -10 -18 16 9 -20 6 19 -13 -13 16 0 -14 4 -4 -11 11
-2 -14 18 3 -6 -18 -7 -14 -14 5 -5 4 17 9 -6 -1 5 -3 -6 18 8 4 10 -8 -16 -9 6 -5 -8 2 -8 -20 -6 3 -11 -18 -5 18 18 -5 2
12 1 5 -13 16 -15 5 7 -7 1 -18 4 -11 -8 11 6 -6 2 -19 -20 -11 -11 -12 14 5 2 -3 18 -20 -5 0 3 9 -4 3 10 -1 15 5 -15 9
13 1 -9 -6 -11 -1 -12 4 17 -20 0 9 -3 -5 -9 20 -2 2 -5 14 -7 -14 4 13 -16 1 -8 4 -5 10 13 9 20 -8 -11 11 18 -14 8 -5 -5
-10 10 -17 14 -13 -14 -11 16 -8 13 12 20 20 18 -19 16 -7 -19 -13 -11 -2 -13 7 20 2 -18 12 -3 7 19 -6 7 13 -12 5 -4 -11 4 10 5 16
-12 -8 -10 -2 -7 4 12 5 -10 0 0 5 4 -14 20 3 -9 -3 -15 8 9 7 -17 -4 12 -2 -20 2 3 7 20 5 3 1 -13 13 2 1 -14 10 2
11 16 -16 17 -10 -2 2 -10 -7 -11 1 -1 15 8 14 20 -5 -9 -20 9 -6 -8 18 0 18 11 16 -5 -2 7 -5 -13 7 -16 -16 -20 0 12 -8 10 1
-5 -4 -6 -12 -17 -7 -3 -17 12 -18 16 -19 12 1 8 8 -4 -1 -4 -14 13 -19 12 -1 -2 -20 11 6 -1 -1 9 0 -2 -20 3 -2 -4 18 -11 -6 -14
19 -20 -10 -5 13 19 -19 -19 10 9 19 -14 -2 8 -10 -19 7 12 -17 -10 0 19 -7 -5 2 -14 -1 -14 -10 -1 8 -5 -10 14 -19 19 -11 20 4 15 -13
12 -7 7 12 -5 -3 12 -16 10 -7 -17 -16 -9 3 10 14 -8 11 14 16 5 -20 -20 -8 -4 -1 16 20 2 16 2 13 7 -14 -8 -5 20 9 -16 -12 -15
-10 -20 3 -2 -19 1 -8 17 14 -7 3 -13 -13 -14 3 12 15 2 -16 7 -6 2 3 16 19 6 1 7 1 4 -1 -16 -13 9 13 -8 0 1 3 -13 15
15 15 9 -3 -13 -3 20 -14 -5 -4 -3 -5 -9 7 -17 -3 -17 -13 -12 -12 20 -8 15 18 17 -17 7 -11 7 5 -9 -11 -18 -3 13 -17 2 -7 -15 -2 13
-5 0 -14 -11 8 6 -9 -8 8 -9 17 -3 6 5 -7 -14 10 6 8 -18 11 3 -8 -19 1 5 -11 -14 17 -13 18 -19 15 8 -19 10 0 -13 1 -9 -13
19 -7 0 19 -5 16 -16 13 -16 4 0 17 -7 -2 6 -11 -6 -1 9 -10 14 6 -9 -9 18 15 6 16 1 5 14 8 -13 -5 5 -9 15 3 -1 10 -17
-1 -5 -2 19 -2 12 -18 -5 -6 7 13 -3 5 4 7 -15 8 20 9 13 6 -20 20 -3 -2 -8 -15 -7 -17 -6 2 0 -16 2 8 12 4 -2 -2 -2 -1
-18 -14 12 4 -10 -1 -18 2 20 -18 -17 -4 15 -14 17 -16 -4 -19 12 -6 12 -11 -18 -4 -14 -15 3 -14 3 8 -5 -20 -9 18 12 3 14 10 -2 15 10
-13 0 2 -17 12 8 -1 18 14 20 -16 -17 11 13 -15 -1 -9 15 17 1 17 4 -8 15 -13 3 3 12 -11 13 -7 -12 -9 -16 -6 -10 -2 8 -6 -17 -14
1 -6 14 9 12 0 -4 4 -7 15 3 14 14 16 -4 11 -20 0 19 6 8 9 0 6 -14 -5 -20 0 -11 16 8 13 -10 7 -16 18 14 20 -14 -3 13
-9 18 5 -11 -18 3 -3 8 18 18 15 4 -3 5 -10 5 11 -16 -8 -10 1 20 7 19 18 -18 7 -9 17 -3 -4 -6 -17 18 -5 -18 12 11 6 20 2
-4 -19 -19 12 -4 6 -18 9 3 -6 -6 -2 -4 12 -4 -10 -10 -11 4 -9 -1 -16 15 7 -13 -8 16 13 -6 4 8 14 -15 18 -5 -20 10 1 19 18 2
-9 7 13 -7 -13 2 0 -12 -12 17 -4 14 18 13 -19 -14 11 20 -11 -2 14 -5 9 16 13 18 -2 6 19 -18 -6 14 -15 -11 -20 -3 -5 19 -3 6 -8
-10 9 -15 20 -20 12 -20 8 14 3 -13 -11 0 -16 -10 -11 -15 -12 8 4 3 -10 -13 5 16 13 -1 14 2 3 6 -18 -9 12 20 -1 17 12 7 -6 -20
2 17 -7 -15 5 -1 -7 -15 7 10 13 -12 -13 1 17 10 13 -2 16 4 8 14 8 -4 -4 1 -12 2 -1 -17 0 15 -6 -2 -17 -16 6 18 -6 2 -18
14 -10 -17 -7 6 3 -16 12 15 -19 1 -8 5 10 -18 15 14 -5 6 20 7 -18 -10 -19 1 -5 -15 13 19 -16 -19 6 3 8 -7 7 -18 -1 6 20 -2
3 6 7 4 -3 18 2 10 1 -10 -9 -17 10 -5 -17 -18 -4 3 -3 11 -9 18 16 -18 2 20 0 -15 -9 -19 -12 2 3 7 -6 17 1 -9 -8 -5 -8