-14 -5 -14 -17 9 -18 17 17 16 -10 18 14 2 -15 0 15 -17 11 5 -6 13 -6 -6 -9 -19 9 -5 8 7 -10 -18 7 -7 -16 -16 18 -20 18 -6 -17 19
-4 -6 10 -6 -12 0 0 4 -12 -10 11 20 13 -6 -3 17 3 -3 20 0 8 11 2 -10 9 -19 -11 -4 19 -16 -18 -19 -7 5 -20 9 19 -6 -13 3 12
-18 4 6 -14 17 -17 9 -20 0 -12 -4 12 -14 -7 -6 11 10 8 -14 4 -15 12 -19 -13 2 -10 13 -18 11 2 -10 11 -15 14 17 18 15 -7 -16 9 3
6 14 4 -5 -3 15 -15 -13 -14 11 -17 -15 3 6 14 15 10 -18 -5 -12 20 9 -18 19 -1 6 -13 -16 -8 -2 -13 -12 8 -14 -17 -20 -6 10 18 17 -6
11 -6 13 13 5 20 -8 -9 17 -8 0 -13 19 6 17 17 11 -4 20 6 -7 -5 20 18 -18 17 -16 19 16 -1 18 -1 -12 12 -20 -12 7 11 13 -19 -13
16 5 20 -4 7 -15 0 -2 4 14 -1 -20 16 -10 19 -14 -20 19 8 17 -17 -14 -14 -10 17 -18 -10 -1 -7 -8 -6 7 -19 -2 1 11 -16 18 -1 -3 -13
-15 10 18 17 2 -15 11 11 -11 2 -11 5 -1 -3 -16 7 15 19 8 -3 -7 0 12 -8 -14 -17 0 -16 2 7 11 -2 17 -20 0 -17 -11 -13 5 1 -4
-8 -4 10 -17 -9 -17 -16 -11 -2 -20 0 15 -11 2 -7 0 -11 1 11 -12 -9 -9 0 -7 13 -11 17 15 17 -8 6 9 -3 13 1 -5 -5 -14 -11 -10 -10
-9 18 8 -2 12 -7 -14 -6 19 14 -15 -17 9 10 17 7 -16 -9 14 -11 -6 15 11 -13 17 12 11 -10 11 -17 5 -9 9 7 7 -9 -13 8 6 1 4
-17 4 12 -11 -7 -16 -10 15 4 0 6 15 19 7 -15 -9 -17 -10 0 8 -13 15 17 18 4 -6 -18 -20 7 -10 -13 -10 -15 -16 -12 -19 18 2 14 11 -9
4 6 -19 14 11 -8 5 6 9 -18 20 19 14 -12 8 -8 8 -6 -6 9 -18 20 18 -8 6 -13 -5 -7 7 -17 0 -6 18 -19 -17 15 -9 -11 -17 -11 18
11 17 -18 3 -12 12 -2 17 15 -16 2 11 -20 -8 -2 -14 17 9 14 8 -16 -3 0 17 -20 -5 -3 11 1 -10 7 0 -15 20 13 18 -1 4 17 -4 -2
15 -12 6 1 13 -6 0 -15 -2 5 -17 -17 18 -6 15 13 13 -12 19 -10 -2 11 14 11 -1 14 11 15 18 17 -1 5 -8 -17 -15 15 16 4 8 9 17
20 -1 12 15 -17 -10 17 -3 -10 3 -5 -3 -4 -12 4 5 -5 1 -8 12 -6 -18 -11 14 14 7 10 -14 -7 -8 0 12 18 -15 -9 1 7 -13 -2 -20 -17
18 20 -9 20 -6 4 14 -4 4 14 13 -13 20 -13 -8 -6 16 3 -14 9 -8 -1 -15 12 3 -4 19 8 2 -5 -12 4 -6 9 -19 0 13 -16 -3 -1 -5
-1 14 1 -13 -10 -6 16 -9 14 -18 8 14 19 -20 -3 20 19 20 8 -5 -19 -14 -11 2 -12 -5 -19 -3 7 -10 20 16 19 14 -16 -10 6 2 -18 13 -6
-4 6 -8 -20 11 -17 15 -8 -5 -11 6 10 1 -6 -17 12 -19 15 -6 4 3 1 14 -5 -19 -11 -17 11 -4 -10 3 2 0 -20 -6 2 -9 -13 -17 19 -20
20 -18 15 0 14 4 6 -10 14 -13 1 -20 -11 1 -14 -7 12 8 -6 -4 -6 7 0 -11 -7 3 -17 6 -16 8 19 -18 20 -9 5 7 -5 6 -9 17 -16
10 0 0 -20 7 5 -20 -20 -16 -14 -16 15 -8 -14 -8 7 -8 -14 -12 -10 -16 7 15 5 10 14 13 -7 14 -19 -17 12 1 13 13 20 -20 20 16 4 -20
-16 -13 7 0 3 -1 9 -9 -6 -2 5 -16 -3 -9 -11 -13 -9 -1 7 19 9 -13 -16 -19 15 -12 -10 -2 10 -1 -16 -3 -16 -15 -8 20 -16 5 11 -20 -1
-17 -20 3 -14 14 -12 -2 12 5 14 -3 4 -20 4 15 -1 -7 4 20 -8 -10 6 -19 10 -13 18 -2 -16 -2 17 -9 17 1 20 -13 -3 2 7 20 7 -12
7 16 4 17 3 8 12 -13 11 -5 4 11 -5 -1 2 19 13 -11 16 -5 -13 9 -14 -6 11 -2 12 7 3 -16 -4 4 15 -5 4 20 18 9 -20 13 -9
9 -17 11 -5 -6 -19 -19 -4 3 -2 -19 5 -6 15 -16 -2 14 -16 -17 16 4 -7 -17 16 10 0 -13 -10 -6 -15 -9 2 -16 -3 16 -7 20 -20 10 7 6
15 0 -20 18 -6 -13 -1 3 -5 -7 13 -1 13 -1 7 -15 -2 2 7 9 -13 -4 -6 20 -5 -16 -6 12 -6 4 -19 -13 12 15 -5 7 3 5 -4 -2 -11
-20 -6 -17 -15 -3 7 20 -7 3 1 -5 -16 20 -4 -19 -15 -5 18 11 4 -15 -10 -19 -8 9 20 -13 11 3 -8 2 -11 2 -2 -1 -18 -17 8 9 3 -19
18 19 -15 -9 7 -16 -20 -5 -7 -2 -11 -2 2 10 -14 -14 16 -8 -8 0 1 -3 -11 11 2 -19 16 5 -4 20 12 15 -7 -8 4 8 16 -10 -6 -9 19
-9 -8 18 -2 6 -17 1 2 -10 -20 10 -16 -3 2 16 -18 9 10 7 14 -10 17 -5 -2 4 14 -19 6 13 -6 2 -19 -18 8 14 -17 -9 2 5 18 18
13 -14 -13 8 20 19 -10 17 -16 -7 -18 20 19 19 3 -1 -18 18 -18 -3 -12 9 9 3 -7 -18 11 11 20 11 3 -17 10 5 3 -1 0 -6 14 -18 8
-2 2 -13 -7 -15 5 19 -13 19 13 -8 -1 -12 4 -19 -8 20 -17 12 3 14 8 0 9 19 4 -14 15 0 17 19 2 16 -19 -2 -15 -6 6 -6 -7 -13
-13 0 2 -17 5 -16 9 7 -14 2 -14 -12 -3 -7 20 -7 14 0 12 5 9 -7 2 6 -10 -1 12 11 -7 11 11 6 20 -16 -20 -12 1 -14 12 -8 16
-14 9 16 -5 -12 15 4 13 -11 4 -15 16 -20 14 -18 9 14 5 -18 -3 0 1 3 -6 17 18 -14 18 18 -14 5 14 14 7 12 18 -2 -17 -20 5 3
-8 -14 11 18 -1 -18 16 13 5 -3 7 -12 10 -20 -20 -15 6 7 0 -14 -2 0 3 16 -1 0 13 17 -5 -3 4 -6 15 -5 0 -14 5 -11 6 -8 -14
-17 13 19 -16 1 -8 8 8 -16 -10 14 -12 11 14 11 -3 20 -20 9 -16 18 -15 2 -7 16 14 -16 -9 -3 -10 -7 7 -19 19 -17 5 8 14 -8 -19 7
13 3 -2 1 -20 -16 -19 -13 17 -13 -8 5 -11 19 13 17 4 -10 -12 -9 10 19 12 8 4 8 -2 1 1 -11 17 -8 -10 14 -8 -12 8 -20 8 -12 6
19 3 -14 -2 -18 -14 14 5 -19 -5 -5 -7 -15 -18 3 -7 7 3 -6 -16 6 19 -5 18 19 -11 19 18 11 10 -17 -18 15 -10 5 -8 -2 -19 1 8 -4
-8 -15 -12 18 19 -16 -7 -8 -16 -19 -11 -8 14 -16 -16 7 -10 11 0 19 -12 18 20 16 -15 8 -2 3 8 3 -11 -12 1 -2 8 13 -10 8 -15 -6 -6
17 -9 12 16 12 -5 10 -15 20 -8 17 -1 19 -9 -16 -12 18 7 8 -14 -10 -17 -19 -7 12 -9 15 -19 -16 -17 -2 -1 -5 11 -11 5 -17 1 16 9 -114 6 -16 -13 17 -12 -14 6 -2 -20 -7 16 14 16 8 -1 -5 7 -12 -2 -14 -20 14 6 -12 11 -13 -6 13 8 -10 -14 -1 15 -7 -5 11 -15 3 4 -13
10 17 -18 -16 7 5 9 -6 -9 0 0 -6 -2 -9 -2 5 6 8 -17 7 -2 -7 20 -13 4 16 5 0 2 18 1 6 -7 -19 -16 -3 -8 11 -20 3 6
6 -13 11 -9 0 18 -19 -13 13 -7 -5 11 -11 -8 -20 -12 -4 5 -10 -20 15 -1 -1 1 -20 -10 7 20 19 -3 4 9 9 -20 -5 -2 1 -1 6 6 7
1 20 17 -7 -13 -9 -18 -1 -17 -2 -3 12 0 1 -19 -5 -14 -17 -16 -12 -5 -20 -1 0 -11 10 5 -10 14 13 7 -17 -8 6 -20 -8 -2 -2 -6 0 -3
-17 -1 8 13 -15 -4 -15 -17 -1 15 -11 19 -7 5 8 14 6 16 -3 14 2 -15 -15 12 -2 19 -14 -10 14 -1 7 -18 -11 -16 -4 8 7 -3 -11 11 -18
-2 -12 20 5 2 8 -13 -6 -4 -4 14 -6 -18 6 14 9 -20 17 15 10 -17 19 -10 3 13 -19 9 -20 20 -10 18 -17 -9 -18 -2 18 19 9 0 8 -17
15 -18 -20 18 -10 -16 -19 -11 -8 6 17 -7 -8 8 8 -6 14 10 -17 15 -8 -16 -3 11 20 10 -20 -18 11 10 2 -8 11 14 -3 -18 -19 -8 18 -20 6
16 -8 13 -15 -7 -13 -5 0 20 -7 -9 19 -13 13 -8 18 -3 -4 4 10 8 -4 -11 9 3 12 3 16 7 14 15 13 -12 -15 -20 2 15 -10 4 -11 -9
17 12 3 18 -2 10 -18 -10 -4 7 0 -16 19 20 19 8 18 -6 12 1 15 -5 -7 -9 6 1 7 13 8 7 18 -5 8 16 -4 -9 -20 0 -9 9 -20
-20 -5 2 -4 8 -7 -11 -15 3 -4 -13 -20 -19 -18 -13 14 11 -20 5 14 -4 10 5 -2 -15 -2 -12 -10 6 -10 -11 18 -11 -10 -20 2 -4 -10 -1 17 -2
-7 -13 -8 -2 5 20 -20 20 -14 -5 18 -6 4 -4 16 1 7 4 -19 16 18 -18 15 7 -5 -5 20 -9 -11 18 16 -14 -5 6 8 -20 -11 19 5 4 12
-18 6 -13 8 -12 -8 -7 -2 -9 -3 19 2 5 18 17 3 4 -8 -17 -17 -18 19 -8 15 19 15 13 -14 -6 7 -5 -2 5 7 11 -4 -8 -18 2 11 6
-14 3 -15 4 -11 -7 10 -4 4 -10 20 -1 12 12 -17 -18 0 -10 1 -18 1 -2 -11 -17 -7 -2 15 15 -3 -3 11 7 -2 -17 -19 -10 6 7 -16 -14 7
2 -17 15 -5 1 4 12 17 4 -3 -20 -19 -2 0 10 -3 2 -16 -17 1 7 -5 12 7 -5 -11 -18 0 4 -11 -16 10 -14 -2 10 -2 -19 15 5 19 6
-11 -14 8 -5 -4 -10 13 -8 -7 8 -9 -16 6 10 -7 10 19 20 3 -9 5 9 0 6 17 -11 -3 -18 16 -6 13 -12 17 -1 15 3 18 15 3 10 -12
10 -12 13 8 9 1 15 18 7 -5 -4 -6 -17 5 -20 2 1 11 16 -20 10 17 6 17 -15 6 -3 1 -6 -20 -19 11 -15 -1 -12 -1 -11 19 -17 18 1
12 -20 8 -1 -4 -3 -20 -13 -16 -8 -6 -16 6 -7 9 20 18 15 7 -3 -19 -20 -18 -20 20 -6 -20 -1 6 19 7 19 7 2 -5 -13 -14 -17 19 -17 15
-5 0 2 12 -1 7 -9 -3 8 14 -14 -15 -10 20 -19 -3 -16 9 18 6 3 -14 8 20 -5 -9 11 -15 -3 15 15 -11 16 -8 -4 -19 14 -12 9 -5 0
-1 8 -18 13 -14 -2 14 10 -8 -20 -9 4 -20 -5 -11 -19 11 7 -1 11 15 3 -16 5 15 18 15 7 20 3 -8 19 6 -17 14 12 20 -7 -4 17 12
-19 -20 14 -16 13 14 -17 -2 -3 11 -10 1 7 -7 -6 -5 9 -16 -1 -3 6 9 13 -15 3 8 -16 9 -10 -16 -1 4 1 -10 -17 14 16 -12 -17 -15 -16
13 -7 -16 3 10 4 -1 -7 11 20 -1 11 -5 -20 14 6 18 2 11 20 15 -17 -5 -12 11 -8 7 13 -13 -4 17 11 15 17 -16 -3 2 6 6 -18 -18
6 -13 15 2 -10 2 18 17 -3 -16 17 -14 -14 -5 -4 -5 18 3 9 -20 -2 -20 12 13 -15 -14 -3 -4 -10 2 9 -8 1 -9 -13 -4 -17 -6 -9 -13 2
7 -4 -3 -7 2 20 -9 -18 15 10 11 11 -16 -10 8 -17 -16 -19 18 -12 1 -20 -19 17 17 -13 -12 12 13 -18 -11 11 -7 4 10 6 15 13 12 -6 3
-16 9 11 6 14 -14 7 19 19 -16 -15 -17 11 20 10 16 -2 -18 12 1 9 -2 6 2 -17 -3 14 -19 0 -18 4 -15 13 6 2 19 -13 3 -17 -10 4
14 4 14 -5 -18 0 -15 -9 13 -1 -19 0 -9 -17 -4 -18 -4 -15 -11 -4 12 8 19 10 -11 9 -19 -10 -14 1 18 14 7 -8 -2 6 13 -5 -14 -4 8
-9 1 17 -12 -10 -20 11 17 -7 11 -16 -7 2 -7 -15 -2 11 12 16 -10 -17 12 10 -8 -18 -20 5 -5 -3 4 -9 14 0 -3 15 -17 -13 -7 14 0 -7
-15 18 20 -2 14 12 -13 -13 2 -20 -3 -12 -19 -3 19 -2 -16 19 -15 19 -11 15 1 -17 -10 4 9 -18 16 -10 -19 3 7 18 -17 -4 8 -12 0 -12 -2
-5 20 -15 -2 -5 4 -3 -2 20 -20 -7 -14 -18 -3 -14 17 -19 18 -7 11 18 16 8 -6 -7 0 -1 -2 11 5 -5 -5 -13 -3 4 -13 -20 -5 7 3 2
7 -12 8 0 -17 -15 -8 -18 -16 -1 14 -6 -18 16 -5 12 -20 -18 -20 -4 8 2 2 2 2 1 6 15 -17 8 13 -10 10 5 20 -5 -6 12 -4 -10 -17
-1 -5 0 -15 -3 4 2 10 -2 -8 5 -3 12 -15 -6 -19 16 0 -12 10 -18 -18 -5 8 -10 16 -8 3 -17 -7 15 20 15 9 16 14 -12 6 4 15 2
8 -12 -4 9 -8 4 14 -2 -6 12 -2 3 1 -15 -15 -10 6 -7 -11 -6 -8 -2 1 20 -2 19 -18 13 -20 5 -18 -17 -9 0 14 -10 20 6 20 19 1
-3 19 -12 6 10 13 -15 8 -1 -1 -4 -15 15 20 -1 8 1 -8 15 9 6 -15 -12 -5 17 -12 -1 17 2 20 -3 6 2 1 -7 -11 5 -14 -11 16 -12
-11 1 -2 -17 5 -9 10 19 -18 20 -5 -11 7 1 -6 -19 -10 -2 -18 3 3 12 -11 17 -17 9 -14 13 -4 15 1 9 -14 7 2 -16 -4 -9 1 -1 -16
1 10 -1 -4 7 -12 12 -7 7 -19 -11 6 10 -16 -5 -9 -5 -2 -8 -15 16 20 -15 16 -19 -17 -12 -19 19 -3 -2 -11 13 11 7 -17 14 -16 19 17 -5
13 -15 14 18 2 3 18 0 -13 14 12 5 4 -16 -14 -15 4 -11 6 12 -11 17 -1 -8 -9 -5 12 -9 -14 -12 -2 16 -1 -7 20 8 18 -20 19 3 -17
6 -18 18 3 6 5 5 12 -5 -8 -20 19 -3 -9 10 13 -8 -8 -17 6 4 -11 -1 -10 16 -3 15 -12 -20 13 6 1 -12 9 -2 -20 17 3 -6 5 11
11 6 -10 -8 -8 -10 -13 15 2 -8 -7 -17 4 -15 -17 13 -8 -16 -10 16 -5 -8 6 -4 0 -2 -10 17 -20 -17 -14 -17 -5 14 13 -10 19 -15 20 1 16