-20 -7 -18 3 -18 4 -13 7 2 12 -2 -1 11 3 20 -16 16 5 -16 20 -4 -15 -16 11 5 -16 5 12 -11 -17 6 0 0 -5 5 -18 -12 -6 -10 -1 1
-9 5 -4 -12 -18 1 7 12 3 16 12 8 -10 10 1 -3 4 -15 -6 -1 -12 3 14 -12 -9 10 19 4 -7 14 -19 10 11 -2 -11 7 -3 -5 18 -2 1
-4 -9 -17 -11 10 -12 15 9 9 15 4 -18 9 -11 -12 -6 -18 9 10 -8 -18 -14 16 -17 15 5 -1 -20 -16 2 0 -7 15 18 -2 -20 -6 13 -19 -8 13
10 -6 -16 -18 -19 -11 17 -10 -2 -15 -8 14 -12 -18 17 1 -12 16 18 17 20 13 8 -19 -6 -4 16 9 18 -4 8 11 18 2 3 -20 5 7 3 -12 13
-13 13 -16 -6 -18 -1 -2 4 12 19 11 13 4 15 8 -19 15 9 9 7 -4 -8 -10 9 8 17 -10 -19 -5 -6 10 -4 -8 -3 -20 -4 -16 12 -11 15 -19
-7 -7 -20 2 1 8 -19 4 6 -15 15 9 -20 17 -10 19 -9 11 4 -10 -17 1 -1 9 14 19 -18 -18 -19 1 -1 10 -13 0 -19 4 8 -10 -15 -7 17
16 14 -19 3 11 -10 -4 12 0 9 -19 16 -3 4 20 5 11 17 16 16 5 -13 -7 8 0 -10 -19 -13 19 -10 -18 10 -2 -17 -17 -15 -12 -16 -2 8 -15
17 -18 16 -2 19 20 -1 -7 12 6 20 10 4 6 3 -7 -8 15 12 13 5 -17 15 -17 10 -5 19 6 -11 -7 13 -11 16 -20 -16 -19 10 -18 -12 -7 -12
-4 -11 19 -14 10 -18 5 4 -15 -17 11 -16 3 13 7 8 9 -6 -6 13 1 -7 -9 -19 -3 -16 17 -6 14 -9 18 8 -11 1 -1 4 4 6 -9 18 -1
-9 -10 -19 8 1 -14 3 9 6 -8 -13 12 18 6 12 3 9 5 12 -9 0 3 15 -6 -4 5 2 11 -13 -8 -17 15 -19 16 -13 -13 9 6 9 6 19
5 -18 -13 15 5 19 14 13 -9 -15 -13 11 11 10 -19 3 -19 -9 -6 -16 7 -10 -5 -18 -20 -18 9 17 6 5 -19 -14 14 3 19 12 -7 12 -16 17 -15
20 8 20 -10 2 13 17 20 6 -10 9 12 -1 12 1 -20 -2 17 3 11 8 10 4 -4 8 0 4 14 -14 -16 7 -6 -12 -7 16 7 11 17 -3 12 7
16 -10 -20 2 -5 -10 -3 -17 -14 -9 -7 4 -18 -9 15 -7 11 -18 -5 -16 -13 -18 11 -16 -6 5 -2 20 -18 6 18 12 13 -14 3 7 4 -10 -18 14 5
-20 8 -5 11 6 4 15 -11 -16 12 -17 13 11 10 -6 1 7 8 17 18 -11 -2 4 18 18 2 -4 -4 6 -2 9 8 -1 -17 9 8 -20 0 12 -17 5
-3 7 15 -3 -16 20 1 -8 -9 -17 20 -4 -13 -18 6 -15 6 15 -13 15 -19 11 5 -17 19 -3 -9 14 -20 -19 -9 -6 -3 16 -2 -13 -8 12 11 7 10
18 19 -3 2 13 0 -17 19 17 -11 2 4 3 -20 0 15 -4 -18 17 18 3 -6 15 -14 8 16 9 7 -6 -17 -8 -3 7 -20 -11 8 20 -9 15 13 3
18 -5 2 -7 -5 4 7 16 8 7 7 -6 -9 3 18 18 14 -6 16 -5 -2 -1 4 -11 8 6 7 -5 -6 -9 11 11 14 7 8 -6 -17 -5 -6 20 12
7 -2 -8 -1 0 -14 19 9 13 18 14 12 -5 18 -19 -12 8 -8 -16 -17 -11 18 -12 -11 7 -19 -9 -12 16 15 -4 13 -5 12 -5 -7 8 -10 -16 0 13
-4 13 8 17 19 15 -20 -20 -17 -17 -9 13 -13 -9 -18 -20 13 13 -9 9 -15 13 6 9 -13 -14 18 -4 15 8 12 -18 -6 2 12 -20 16 -11 -6 -19 7
-6 -2 19 -8 2 -6 -4 -6 -14 19 13 12 -17 2 -19 9 -12 -19 -3 8 10 -15 -7 -7 15 11 -18 1 1 -14 2 12 13 5 -10 0 15 -1 5 -4 -4
-10 15 -3 3 15 13 16 -16 17 -11 12 15 -14 -5 -16 0 0 15 13 -4 -8 -5 -13 -18 -20 -5 0 18 -3 3 1 -1 -1 -17 7 -5 -9 -9 20 -4 12
20 3 -17 -15 -18 3 -17 -2 -8 17 0 -2 -16 -8 -13 5 9 13 -19 -11 16 12 -2 13 -2 -5 -8 -7 5 -6 17 -11 -10 -14 -9 0 19 -5 13 -4 -11
0 9 -17 4 -12 14 -9 -10 12 -15 18 3 10 12 -12 20 4 -18 -17 10 9 5 10 -13 -2 18 12 11 -18 -16 14 18 2 11 -12 -7 2 -12 19 19 -16
20 0 -8 -17 0 -20 1 8 17 -7 20 -14 10 5 -13 3 10 -18 4 9 18 -17 8 8 -10 17 8 -11 -2 18 -19 14 -13 -13 -8 3 -3 -11 17 -11 8
-5 -18 -12 7 -19 -9 -19 19 11 -9 -18 10 -7 18 1 3 10 -16 13 -10 -2 -14 -18 -10 -7 -16 9 -13 -14 -5 19 19 0 5 17 -19 15 -14 -10 8 -16
0 7 -20 8 -5 -15 -8 20 13 -19 -18 -15 -19 6 -15 -19 2 11 14 -17 -10 6 -10 -3 -4 -14 -9 -3 0 18 11 11 -7 7 11 -3 6 4 17 -10 17
-6 16 4 -10 19 -11 14 17 8 -10 0 1 -11 3 -5 -6 -5 10 2 12 15 -17 10 -16 -19 -12 -3 2 -12 -17 0 1 14 19 16 -7 -12 -1 15 -16 -5
-2 7 11 -6 -11 -10 3 18 -15 14 18 -14 16 -10 13 -18 -18 -13 -19 20 13 -18 9 -3 -12 -9 11 -6 19 -15 13 -6 5 1 -5 -14 -4 -2 3 -4 10
-5 3 -5 -7 17 5 -8 0 -14 -18 -15 20 14 -5 -3 16 19 -7 -18 -2 -7 4 8 -8 9 7 -5 -5 2 -16 12 -7 -17 11 7 0 -5 17 -11 -2 15
2 15 13 5 -1 19 -2 -15 -5 10 -12 17 5 18 11 -9 -19 -6 -7 6 11 0 9 -11 17 -7 13 -6 -8 -5 20 5 17 6 -13 19 10 1 -4 16 -3
-3 -11 0 19 -5 13 18 -5 -7 5 -1 1 4 -2 14 10 14 -8 -9 3 -9 -5 -5 -13 4 13 -20 10 19 -2 -9 5 20 6 0 18 -13 -18 8 6 -13
20 6 4 -6 -3 9 -11 -12 13 -8 11 -14 10 10 -12 1 18 -15 14 4 -4 -8 7 15 5 -7 -13 -16 15 -8 16 19 9 -14 2 5 16 1 -7 11 5
-4 -11 17 3 7 1 -13 18 16 -4 14 3 4 5 -9 -19 -6 8 15 -6 2 2 18 17 20 20 5 10 12 -11 -2 -20 -11 17 -2 2 20 6 1 -16 2
-10 6 2 10 0 -18 15 -4 -9 10 13 -5 -20 19 -16 -16 3 -12 7 14 -8 5 19 2 -8 11 10 -19 9 -1 -2 -2 12 -15 10 6 -11 19 -19 -13 17
-7 -6 -16 -1 -5 10 3 8 19 18 -9 8 12 -13 9 -3 -7 -5 -16 2 -8 20 4 10 -2 8 -3 6 -8 -2 17 -17 -3 12 -1 -9 9 13 -20 -12 -7
-7 -8 -10 19 -11 19 8 -13 9 13 18 -4 -20 -17 -12 9 -11 -12 -13 12 -17 19 -5 3 9 -4 -20 -11 -1 -5 -13 -8 1 -20 17 -7 6 16 17 -12 -20
5 0 -13 -12 -5 -15 -15 -7 -1 18 -8 20 14 -11 -2 -15 -19 -17 18 4 -7 0 -11 19 -11 -9 7 10 -3 17 11 18 4 -19 16 -12 -10 19 20 0 -78 -5 7 -9 8 13 -3 2 1 -8 10 -9 -10 9 0 20 -17 -15 14 -3 9 13 10 4 18 -4 4 -17 -14 -11 12 7 17 -5 14 -13 20 2 -2 7 14
-15 8 -20 -16 5 3 15 -18 -10 3 -8 -2 18 -9 20 12 -20 13 6 -17 -18 10 -8 1 -19 -17 1 -3 2 18 8 18 -7 2 19 -15 16 -11 4 10 20
12 -18 -19 -3 -1 -5 -19 -3 -6 -11 4 6 19 0 4 14 -12 -3 -4 -5 2 11 -8 5 -1 20 -4 -4 9 19 0 -3 19 3 8 -8 -13 19 16 -17 -7
-17 -7 15 6 16 7 -13 -12 17 -12 -14 -1 -10 -15 9 13 -7 -9 -20 3 -15 5 -11 -12 -3 -8 -15 -19 3 17 -18 -18 -6 12 14 -14 4 -14 -11 -3 9
3 -1 11 6 0 -10 -3 0 20 7 10 -7 -11 -2 -14 -8 16 9 -11 18 14 -2 -5 18 -15 8 -6 -19 -12 -5 -3 -7 1 -15 17 0 -4 6 14 5 -18
-7 -18 8 1 9 2 4 0 -18 -15 2 -13 -11 -16 -14 1 -16 -1 15 -15 19 1 1 -6 11 12 1 1 16 19 19 7 4 0 20 -1 -10 -5 -11 6 15
13 16 2 8 6 5 -6 -1 14 18 16 19 -19 -9 -13 16 -10 -10 4 11 10 -3 11 6 14 -1 -17 20 -7 10 10 -13 7 7 -2 -14 18 -2 -9 1 -16
-11 -16 0 2 -4 -18 16 6 0 9 9 -1 17 9 -12 14 -2 4 -12 17 13 10 -3 1 19 3 7 -10 7 -14 -8 7 9 6 14 9 8 -15 10 16 5
-12 -11 11 16 15 20 20 -4 -7 20 10 3 17 -16 5 16 14 -1 -12 10 3 18 -5 20 6 -6 7 -16 -5 -3 -8 -6 -1 16 -13 5 10 13 0 7 6
12 -2 1 -5 9 2 -8 17 0 1 -10 -19 -4 -9 12 -4 -7 4 3 -6 8 1 -20 11 -1 3 7 -17 4 7 -17 -5 -15 -18 8 0 7 -4 12 -4 6
-18 -4 -11 -5 -16 2 -18 -5 -4 12 9 9 -19 17 -7 16 -10 -15 -2 -2 -4 -4 20 -8 -20 -6 -2 -6 6 -12 1 6 13 -12 14 20 -8 2 19 13 13
12 -11 -2 -14 -18 15 -11 -6 10 5 -14 -7 2 -5 -1 -17 -17 18 6 -10 0 14 -1 14 -6 10 16 -15 -20 -9 -10 -10 13 -18 16 -4 -16 -17 -13 -13 20
5 15 20 16 -5 -15 -2 7 -2 -17 -6 12 10 4 -2 -13 -18 -6 -11 15 -20 5 15 -18 -20 -3 -17 -20 16 13 -1 0 -13 16 12 -19 13 9 18 12 7
0 -18 7 1 4 20 -3 -20 -14 -2 16 17 -9 -16 -14 -13 -16 -12 2 17 -8 9 -15 -2 0 10 -6 -7 10 -14 -10 -16 1 -20 14 5 18 -18 6 9 -11
14 20 9 -1 -6 15 -6 20 -20 6 16 3 -17 9 4 -15 5 -20 1 -17 17 -1 6 16 -7 20 -14 5 -13 -6 4 -9 8 -1 18 -13 -17 -12 1 15 -7
-17 -9 16 -18 3 5 -8 14 9 -9 -17 19 5 19 3 2 1 -3 10 -9 13 -11 -8 19 19 16 -18 -16 -13 -8 -11 -12 20 -12 8 15 10 -1 20 -19 6
-12 -3 19 11 -4 9 5 -10 12 4 -20 3 -10 -19 13 13 17 -10 -2 13 -13 1 -5 18 -7 -9 -10 17 20 13 -1 -13 17 9 -3 -7 3 -20 -9 -2 -11
1 2 -14 -19 -11 -2 -19 15 -3 18 -5 19 -4 2 -13 19 -4 17 -7 18 6 -11 -1 -19 -7 -6 5 16 -18 -1 3 -17 -20 15 17 13 19 5 -5 -4 -1
-13 -4 0 5 7 -17 -6 -5 12 -7 1 -1 12 7 -5 -19 11 15 7 -18 -16 9 20 -9 -5 9 6 7 6 -9 20 2 -2 15 7 10 -6 -5 5 -14 8
-6 14 17 17 -1 -14 20 10 -13 -3 14 19 -5 9 -20 -19 -4 4 -8 7 -6 1 -13 5 19 16 -4 0 -7 -5 -17 8 -4 -16 6 -18 19 2 -2 -14 -10
-15 16 -4 19 -15 -5 19 1 -11 -10 -11 -19 -15 14 1 -14 15 -9 -9 19 0 8 4 -3 -11 -6 0 -8 6 11 -13 5 -4 3 -3 -9 -2 -11 11 -20 -15
-13 -15 3 -8 11 7 17 -10 -14 14 -9 -16 18 -10 4 14 -2 -2 -1 19 12 4 1 -11 14 -19 -4 1 19 -16 1 18 -13 11 -7 -15 -6 2 12 -12 6
0 -15 18 -4 4 -4 -1 -5 -5 3 3 -9 -11 -4 20 13 -3 4 3 -18 -2 -2 4 -6 -2 8 16 -11 2 -3 -17 1 -14 7 -12 20 1 14 15 13 15
-4 -11 6 -6 18 -5 -20 -12 -12 3 -10 13 -7 -6 0 8 -13 11 -7 -15 -7 15 1 15 -4 -3 -12 -18 -14 -3 13 15 -11 -5 -9 -6 5 -17 2 10 1
7 14 -3 -11 12 -20 17 -8 13 -12 3 17 -3 17 2 20 4 -1 2 15 14 -6 3 -5 -10 -20 2 14 -17 -2 -18 12 -14 13 1 -18 1 -17 -5 -8 18
18 -13 0 13 15 6 1 -7 20 11 14 -14 -1 9 -8 -7 -19 9 9 9 -7 4 5 -4 -18 -20 11 -5 -16 -6 15 5 5 -8 -15 -14 -15 5 -16 -2 16
11 2 -17 -17 3 5 -4 14 1 15 -10 14 7 -8 -5 -6 -9 18 18 -17 -20 -11 9 16 -2 18 -4 9 19 -7 -18 -11 6 4 -8 15 4 6 18 4 -4
17 0 -19 -12 -18 -11 7 -2 8 19 8 -9 -12 -3 0 3 -8 -11 -20 3 15 12 13 -8 -10 -11 18 13 1 10 -16 -7 -5 -19 -4 4 -3 -3 3 -9 -9
0 -1 16 20 -15 -2 -2 -20 13 0 -6 -5 -20 -12 -4 4 -4 -6 2 10 6 -11 19 -14 -8 18 9 -12 2 -7 16 20 -10 -17 -19 -18 -8 19 2 -14 -16
17 -2 5 10 -7 17 -6 8 -13 -10 -1 -8 -4 -15 -3 10 -11 -16 13 -2 6 19 -12 7 -2 9 -11 12 7 5 -15 -4 12 10 6 10 17 6 -16 -11 -20
18 -8 -20 -18 12 3 7 -17 -19 10 -17 15 -16 -13 -19 19 -19 -15 2 4 8 -8 19 1 18 -20 -2 12 6 19 9 -5 -16 0 -20 -3 16 8 9 0 -18
18 20 -8 2 -20 -15 -1 -7 -11 -17 7 -17 18 19 11 -11 -4 16 9 -14 -7 7 -3 -19 6 -19 5 -16 -1 12 14 14 -17 11 14 -11 12 -19 5 -4 16
-6 20 -4 -12 16 -4 0 11 3 18 -20 -5 20 17 15 -14 14 -9 -10 -4 -13 -2 4 -16 -4 -15 -15 -16 16 -12 -12 -20 5 -7 16 11 10 -7 10 8 3
-20 12 13 -8 -16 3 -12 0 -10 20 10 1 -19 -19 -6 -11 -15 13 -9 0 -11 15 9 14 6 -14 10 -18 20 13 -17 -7 20 18 12 -17 10 -14 2 -10 16
-11 19 -9 0 7 6 1 16 -4 19 -13 3 19 -15 18 19 16 3 -9 0 12 0 -19 10 20 5 2 -13 -20 17 -7 10 19 -10 -5 9 0 -10 4 17 -9
-1 5 8 -9 1 -18 -16 -14 14 19 19 -13 4 12 9 0 6 -13 8 11 16 -15 0 -11 7 3 -17 3 -17 -11 8 -8 15 -2 -7 7 13 -20 12 -3 -11
-6 1 10 -10 0 -5 19 16 -7 -10 -6 3 5 1 19 -19 11 -19 -16 -11 17 19 -7 11 18 7 8 -3 -8 12 -11 0 -4 -2 12 7 2 -5 -11 0 19